   0.4226E+00   0.1057E+00  -0.5828E+01  -0.8820E+01  -0.2039E-01   0.7324E+01
   0.4226E+00   0.3943E+00  -0.5904E+01  -0.8788E+01  -0.5922E-01   0.7346E+01
   0.1577E+01   0.1057E+00  -0.5389E+01  -0.8382E+01  -0.5872E-01   0.6885E+01
   0.1577E+01   0.3943E+00  -0.5488E+01  -0.8373E+01  -0.2375E+00   0.6930E+01
   0.2423E+01   0.1057E+00  -0.4762E+01  -0.7765E+01  -0.1021E+00   0.6264E+01
   0.2423E+01   0.3943E+00  -0.4818E+01  -0.7708E+01  -0.3575E+00   0.6263E+01
   0.3577E+01   0.1057E+00  -0.3399E+01  -0.6486E+01  -0.1435E+00   0.4942E+01
   0.3577E+01   0.3943E+00  -0.3535E+01  -0.6492E+01  -0.5667E+00   0.5013E+01
   0.4211E+01   0.1057E+00  -0.2420E+01  -0.5613E+01  -0.2001E+00   0.4016E+01
   0.4211E+01   0.3943E+00  -0.2437E+01  -0.5488E+01  -0.6693E+00   0.3963E+01
   0.4789E+01   0.1057E+00  -0.1354E+01  -0.4431E+01  -0.1724E+00   0.2892E+01
   0.4789E+01   0.3943E+00  -0.1562E+01  -0.4561E+01  -0.7284E+00   0.3061E+01
   0.5106E+01   0.1057E+00  -0.8755E+00  -0.3673E+01  -0.1918E+00   0.2274E+01
   0.5106E+01   0.3943E+00  -0.7140E+00  -0.3510E+01  -0.6088E+00   0.2112E+01
   0.5394E+01   0.1057E+00  -0.3558E+00  -0.2546E+01  -0.1296E+00   0.1451E+01
   0.5394E+01   0.3943E+00  -0.6732E+00  -0.2873E+01  -0.5190E+00   0.1773E+01
   0.5606E+01   0.1057E+00  -0.2382E+00  -0.1684E+01  -0.8258E-01   0.9609E+00
   0.5606E+01   0.3943E+00  -0.7777E-02  -0.1651E+01  -0.3430E+00   0.8296E+00
   0.5894E+01   0.1057E+00   0.3714E-01  -0.9120E-02  -0.3158E-01  -0.1401E-01
   0.5894E+01   0.3943E+00  -0.2565E+00  -0.2361E+00  -0.1263E+00   0.2463E+00
   0.4226E+00   0.7113E+00  -0.6108E+01  -0.8729E+01  -0.1151E+00   0.7418E+01
   0.4226E+00   0.1289E+01  -0.6751E+01  -0.8505E+01  -0.2036E+00   0.7628E+01
   0.1577E+01   0.7113E+00  -0.5662E+01  -0.8282E+01  -0.4191E+00   0.6972E+01
   0.1577E+01   0.1289E+01  -0.6337E+01  -0.8091E+01  -0.7635E+00   0.7214E+01
   0.2423E+01   0.7113E+00  -0.5055E+01  -0.7676E+01  -0.6534E+00   0.6366E+01
   0.2423E+01   0.1289E+01  -0.5668E+01  -0.7415E+01  -0.1171E+01   0.6541E+01
   0.3577E+01   0.7113E+00  -0.3713E+01  -0.6352E+01  -0.9932E+00   0.5032E+01
   0.3577E+01   0.1289E+01  -0.4464E+01  -0.6164E+01  -0.1756E+01   0.5314E+01
   0.4211E+01   0.7113E+00  -0.2847E+01  -0.5536E+01  -0.1230E+01   0.4191E+01
   0.4211E+01   0.1289E+01  -0.3508E+01  -0.5132E+01  -0.2097E+01   0.4320E+01
   0.4789E+01   0.7113E+00  -0.1693E+01  -0.4434E+01  -0.1317E+01   0.3064E+01
   0.4789E+01   0.1289E+01  -0.2794E+01  -0.4508E+01  -0.2392E+01   0.3651E+01
   0.5106E+01   0.7113E+00  -0.1249E+01  -0.4012E+01  -0.1283E+01   0.2631E+01
   0.5106E+01   0.1289E+01  -0.1915E+01  -0.3783E+01  -0.2450E+01   0.2849E+01
   0.5394E+01   0.7113E+00  -0.3574E+00  -0.2870E+01  -0.9717E+00   0.1614E+01
   0.5394E+01   0.1289E+01  -0.1726E+01  -0.4094E+01  -0.2364E+01   0.2910E+01
   0.5606E+01   0.7113E+00  -0.4083E+00  -0.2335E+01  -0.6835E+00   0.1372E+01
   0.5606E+01   0.1289E+01  -0.3643E+00  -0.3354E+01  -0.1808E+01   0.1859E+01
   0.5894E+01   0.7113E+00   0.2232E+00  -0.4951E+00  -0.1529E+00   0.1360E+00
   0.5894E+01   0.1289E+01  -0.5451E+00  -0.2597E+01  -0.6271E+00   0.1571E+01
   0.4226E+00   0.1606E+01  -0.7279E+01  -0.8346E+01  -0.2591E+00   0.7813E+01
   0.4226E+00   0.1894E+01  -0.7830E+01  -0.8138E+01  -0.3059E+00   0.7984E+01
   0.1577E+01   0.1606E+01  -0.6807E+01  -0.7871E+01  -0.9448E+00   0.7339E+01
   0.1577E+01   0.1894E+01  -0.7442E+01  -0.7751E+01  -0.1114E+01   0.7596E+01
   0.2423E+01   0.1606E+01  -0.6252E+01  -0.7318E+01  -0.1465E+01   0.6785E+01
   0.2423E+01   0.1894E+01  -0.6714E+01  -0.7020E+01  -0.1729E+01   0.6867E+01
   0.3577E+01   0.1606E+01  -0.4878E+01  -0.5870E+01  -0.2141E+01   0.5374E+01
   0.3577E+01   0.1894E+01  -0.5571E+01  -0.5856E+01  -0.2505E+01   0.5714E+01
   0.4211E+01   0.1606E+01  -0.4318E+01  -0.5225E+01  -0.2536E+01   0.4771E+01
   0.4211E+01   0.1894E+01  -0.4428E+01  -0.4650E+01  -0.2919E+01   0.4539E+01
   0.4789E+01   0.1606E+01  -0.3182E+01  -0.3989E+01  -0.2847E+01   0.3585E+01
   0.4789E+01   0.1894E+01  -0.4131E+01  -0.4336E+01  -0.3185E+01   0.4234E+01
   0.5106E+01   0.1606E+01  -0.3484E+01  -0.4519E+01  -0.3093E+01   0.4001E+01
   0.5106E+01   0.1894E+01  -0.3066E+01  -0.3174E+01  -0.3387E+01   0.3120E+01
   0.5394E+01   0.1606E+01  -0.1861E+01  -0.3217E+01  -0.3114E+01   0.2539E+01
   0.5394E+01   0.1894E+01  -0.4214E+01  -0.4707E+01  -0.3419E+01   0.4461E+01
   0.5606E+01   0.1606E+01  -0.2763E+01  -0.5476E+01  -0.3477E+01   0.4120E+01
   0.5606E+01   0.1894E+01  -0.2886E+01  -0.3251E+01  -0.3728E+01   0.3068E+01
   0.5894E+01   0.1606E+01   0.1147E+01  -0.4554E+01  -0.1023E+01   0.1704E+01
   0.5894E+01   0.1894E+01  -0.4912E+01  -0.9644E+01  -0.4117E+01   0.7278E+01