       1   0.00000E+00   0.00000E+00   0.00000E+00   0.00000E+00
       2   0.50000E+00   0.00000E+00   0.37502E+00   0.00000E+00
       3   0.10000E+01   0.00000E+00   0.74994E+00   0.00000E+00
       4   0.15000E+01   0.00000E+00   0.11252E+01   0.00000E+00
       5   0.20000E+01   0.00000E+00   0.15004E+01   0.00000E+00
       6   0.25000E+01   0.00000E+00   0.18769E+01   0.00000E+00
       7   0.30000E+01   0.00000E+00   0.22547E+01   0.00000E+00
       8   0.35000E+01   0.00000E+00   0.26377E+01   0.00000E+00
       9   0.40000E+01   0.00000E+00   0.30266E+01   0.00000E+00
      10   0.42500E+01   0.00000E+00   0.32255E+01   0.00000E+00
      11   0.45000E+01   0.00000E+00   0.34226E+01   0.00000E+00
      12   0.47500E+01   0.00000E+00   0.36212E+01   0.00000E+00
      13   0.50000E+01   0.00000E+00   0.38078E+01   0.00000E+00
      14   0.51250E+01   0.00000E+00   0.38994E+01   0.00000E+00
      15   0.52500E+01   0.00000E+00   0.39784E+01   0.00000E+00
      16   0.53750E+01   0.00000E+00   0.40562E+01   0.00000E+00
      17   0.55000E+01   0.00000E+00   0.41163E+01   0.00000E+00
      18   0.56250E+01   0.00000E+00   0.41693E+01   0.00000E+00
      19   0.57500E+01   0.00000E+00   0.42001E+01   0.00000E+00
      20   0.58750E+01   0.00000E+00   0.42154E+01   0.00000E+00
      21   0.60000E+01   0.00000E+00   0.42038E+01   0.00000E+00
      22   0.00000E+00   0.12500E+00   0.00000E+00  -0.93580E-01
      23   0.50000E+00   0.12500E+00   0.37352E+00  -0.93652E-01
      24   0.10000E+01   0.12500E+00   0.74713E+00  -0.93595E-01
      25   0.15000E+01   0.12500E+00   0.11207E+01  -0.93705E-01
      26   0.20000E+01   0.12500E+00   0.14948E+01  -0.93751E-01
      27   0.25000E+01   0.12500E+00   0.18693E+01  -0.94136E-01
      28   0.30000E+01   0.12500E+00   0.22462E+01  -0.94755E-01
      29   0.35000E+01   0.12500E+00   0.26268E+01  -0.96308E-01
      30   0.40000E+01   0.12500E+00   0.30150E+01  -0.98252E-01
      31   0.42500E+01   0.12500E+00   0.32114E+01  -0.99144E-01
      32   0.45000E+01   0.12500E+00   0.34100E+01  -0.99045E-01
      33   0.47500E+01   0.12500E+00   0.36053E+01  -0.97019E-01
      34   0.50000E+01   0.12500E+00   0.37949E+01  -0.91068E-01
      35   0.51250E+01   0.12500E+00   0.38821E+01  -0.85934E-01
      36   0.52500E+01   0.12500E+00   0.39664E+01  -0.78835E-01
      37   0.53750E+01   0.12500E+00   0.40391E+01  -0.69364E-01
      38   0.55000E+01   0.12500E+00   0.41045E+01  -0.57417E-01
      39   0.56250E+01   0.12500E+00   0.41533E+01  -0.42154E-01
      40   0.57500E+01   0.12500E+00   0.41882E+01  -0.24280E-01
      41   0.58750E+01   0.12500E+00   0.42011E+01  -0.23431E-02
      42   0.60000E+01   0.12500E+00   0.41928E+01   0.21830E-01
      43   0.00000E+00   0.25000E+00   0.00000E+00  -0.18670E+00
      44   0.50000E+00   0.25000E+00   0.36916E+00  -0.18644E+00
      45   0.10000E+01   0.25000E+00   0.73821E+00  -0.18673E+00
      46   0.15000E+01   0.25000E+00   0.11076E+01  -0.18654E+00
      47   0.20000E+01   0.25000E+00   0.14769E+01  -0.18703E+00
      48   0.25000E+01   0.25000E+00   0.18473E+01  -0.18738E+00
      49   0.30000E+01   0.25000E+00   0.22189E+01  -0.18897E+00
      50   0.35000E+01   0.25000E+00   0.25953E+01  -0.19162E+00
      51   0.40000E+01   0.25000E+00   0.29769E+01  -0.19582E+00
      52   0.42500E+01   0.25000E+00   0.31721E+01  -0.19725E+00
      53   0.45000E+01   0.25000E+00   0.33656E+01  -0.19747E+00
      54   0.47500E+01   0.25000E+00   0.35613E+01  -0.19331E+00
      55   0.50000E+01   0.25000E+00   0.37460E+01  -0.18202E+00
      56   0.51250E+01   0.25000E+00   0.38374E+01  -0.17176E+00
      57   0.52500E+01   0.25000E+00   0.39163E+01  -0.15780E+00
      58   0.53750E+01   0.25000E+00   0.39949E+01  -0.13929E+00
      59   0.55000E+01   0.25000E+00   0.40558E+01  -0.11488E+00
      60   0.56250E+01   0.25000E+00   0.41109E+01  -0.85698E-01
      61   0.57500E+01   0.25000E+00   0.41430E+01  -0.47997E-01
      62   0.58750E+01   0.25000E+00   0.41608E+01  -0.67494E-02
      63   0.60000E+01   0.25000E+00   0.41508E+01   0.45159E-01
      64   0.00000E+00   0.37500E+00   0.00000E+00  -0.27780E+00
      65   0.50000E+00   0.37500E+00   0.36180E+00  -0.27803E+00
      66   0.10000E+01   0.37500E+00   0.72369E+00  -0.27784E+00
      67   0.15000E+01   0.37500E+00   0.10855E+01  -0.27817E+00
      68   0.20000E+01   0.37500E+00   0.14477E+01  -0.27827E+00
      69   0.25000E+01   0.37500E+00   0.18103E+01  -0.27936E+00
      70   0.30000E+01   0.37500E+00   0.21747E+01  -0.28106E+00
      71   0.35000E+01   0.37500E+00   0.25420E+01  -0.28545E+00
      72   0.40000E+01   0.37500E+00   0.29158E+01  -0.29102E+00
      73   0.42500E+01   0.37500E+00   0.31047E+01  -0.29375E+00
      74   0.45000E+01   0.37500E+00   0.32962E+01  -0.29379E+00
      75   0.47500E+01   0.37500E+00   0.34855E+01  -0.28852E+00
      76   0.50000E+01   0.37500E+00   0.36713E+01  -0.27206E+00
      77   0.51250E+01   0.37500E+00   0.37576E+01  -0.25757E+00
      78   0.52500E+01   0.37500E+00   0.38423E+01  -0.23720E+00
      79   0.53750E+01   0.37500E+00   0.39160E+01  -0.20992E+00
      80   0.55000E+01   0.37500E+00   0.39841E+01  -0.17491E+00
      81   0.56250E+01   0.37500E+00   0.40355E+01  -0.12997E+00
      82   0.57500E+01   0.37500E+00   0.40747E+01  -0.76876E-01
      83   0.58750E+01   0.37500E+00   0.40913E+01  -0.11169E-01
      84   0.60000E+01   0.37500E+00   0.40876E+01   0.61168E-01
      85   0.00000E+00   0.50000E+00   0.00000E+00  -0.36755E+00
      86   0.50000E+00   0.50000E+00   0.35158E+00  -0.36700E+00
      87   0.10000E+01   0.50000E+00   0.70303E+00  -0.36760E+00
      88   0.15000E+01   0.50000E+00   0.10548E+01  -0.36718E+00
      89   0.20000E+01   0.50000E+00   0.14063E+01  -0.36812E+00
      90   0.25000E+01   0.50000E+00   0.17588E+01  -0.36866E+00
      91   0.30000E+01   0.50000E+00   0.21117E+01  -0.37156E+00
      92   0.35000E+01   0.50000E+00   0.24683E+01  -0.37631E+00
      93   0.40000E+01   0.50000E+00   0.28283E+01  -0.38419E+00
      94   0.42500E+01   0.50000E+00   0.30125E+01  -0.38713E+00
      95   0.45000E+01   0.50000E+00   0.31951E+01  -0.38819E+00
      96   0.47500E+01   0.50000E+00   0.33817E+01  -0.38143E+00
      97   0.50000E+01   0.50000E+00   0.35601E+01  -0.36164E+00
      98   0.51250E+01   0.50000E+00   0.36502E+01  -0.34285E+00
      99   0.52500E+01   0.50000E+00   0.37290E+01  -0.31728E+00
     100   0.53750E+01   0.50000E+00   0.38099E+01  -0.28185E+00
     101   0.55000E+01   0.50000E+00   0.38731E+01  -0.23575E+00
     102   0.56250E+01   0.50000E+00   0.39342E+01  -0.17815E+00
     103   0.57500E+01   0.50000E+00   0.39704E+01  -0.10455E+00
     104   0.58750E+01   0.50000E+00   0.39962E+01  -0.21722E-01
     105   0.60000E+01   0.50000E+00   0.39905E+01   0.82164E-01
     106   0.00000E+00   0.75000E+00   0.00000E+00  -0.53592E+00
     107   0.50000E+00   0.75000E+00   0.32225E+00  -0.53624E+00
     108   0.10000E+01   0.75000E+00   0.64457E+00  -0.53597E+00
     109   0.15000E+01   0.75000E+00   0.96674E+00  -0.53644E+00
     110   0.20000E+01   0.75000E+00   0.12892E+01  -0.53659E+00
     111   0.25000E+01   0.75000E+00   0.16114E+01  -0.53820E+00
     112   0.30000E+01   0.75000E+00   0.19342E+01  -0.54079E+00
     113   0.35000E+01   0.75000E+00   0.22574E+01  -0.54766E+00
     114   0.40000E+01   0.75000E+00   0.25835E+01  -0.55708E+00
     115   0.42500E+01   0.75000E+00   0.27473E+01  -0.56246E+00
     116   0.45000E+01   0.75000E+00   0.29143E+01  -0.56427E+00
     117   0.47500E+01   0.75000E+00   0.30813E+01  -0.55857E+00
     118   0.50000E+01   0.75000E+00   0.32513E+01  -0.53467E+00
     119   0.51250E+01   0.75000E+00   0.33335E+01  -0.51192E+00
     120   0.52500E+01   0.75000E+00   0.34175E+01  -0.47800E+00
     121   0.53750E+01   0.75000E+00   0.34941E+01  -0.43117E+00
     122   0.55000E+01   0.75000E+00   0.35695E+01  -0.36762E+00
     123   0.56250E+01   0.75000E+00   0.36311E+01  -0.28479E+00
     124   0.57500E+01   0.75000E+00   0.36850E+01  -0.18158E+00
     125   0.58750E+01   0.75000E+00   0.37165E+01  -0.53212E-01
     126   0.60000E+01   0.75000E+00   0.37299E+01   0.94270E-01
     127   0.00000E+00   0.10000E+01   0.00000E+00  -0.68798E+00
     128   0.50000E+00   0.10000E+01   0.28127E+00  -0.68725E+00
     129   0.10000E+01   0.10000E+01   0.56238E+00  -0.68803E+00
     130   0.15000E+01   0.10000E+01   0.84376E+00  -0.68744E+00
     131   0.20000E+01   0.10000E+01   0.11246E+01  -0.68861E+00
     132   0.25000E+01   0.10000E+01   0.14057E+01  -0.68910E+00
     133   0.30000E+01   0.10000E+01   0.16855E+01  -0.69265E+00
     134   0.35000E+01   0.10000E+01   0.19651E+01  -0.69849E+00
     135   0.40000E+01   0.10000E+01   0.22422E+01  -0.70958E+00
     136   0.42500E+01   0.10000E+01   0.23824E+01  -0.71500E+00
     137   0.45000E+01   0.10000E+01   0.25209E+01  -0.71974E+00
     138   0.47500E+01   0.10000E+01   0.26658E+01  -0.71590E+00
     139   0.50000E+01   0.10000E+01   0.28116E+01  -0.69609E+00
     140   0.51250E+01   0.10000E+01   0.28913E+01  -0.67273E+00
     141   0.52500E+01   0.10000E+01   0.29657E+01  -0.63896E+00
     142   0.53750E+01   0.10000E+01   0.30494E+01  -0.58639E+00
     143   0.55000E+01   0.10000E+01   0.31226E+01  -0.51404E+00
     144   0.56250E+01   0.10000E+01   0.32029E+01  -0.41402E+00
     145   0.57500E+01   0.10000E+01   0.32623E+01  -0.28092E+00
     146   0.58750E+01   0.10000E+01   0.33186E+01  -0.11828E+00
     147   0.60000E+01   0.10000E+01   0.33395E+01   0.91671E-01
     148   0.00000E+00   0.12500E+01   0.00000E+00  -0.81514E+00
     149   0.50000E+00   0.12500E+01   0.22851E+00  -0.81557E+00
     150   0.10000E+01   0.12500E+01   0.45707E+00  -0.81517E+00
     151   0.15000E+01   0.12500E+01   0.68543E+00  -0.81570E+00
     152   0.20000E+01   0.12500E+01   0.91383E+00  -0.81558E+00
     153   0.25000E+01   0.12500E+01   0.11414E+01  -0.81693E+00
     154   0.30000E+01   0.12500E+01   0.13682E+01  -0.81866E+00
     155   0.35000E+01   0.12500E+01   0.15918E+01  -0.82435E+00
     156   0.40000E+01   0.12500E+01   0.18118E+01  -0.83274E+00
     157   0.42500E+01   0.12500E+01   0.19191E+01  -0.83923E+00
     158   0.45000E+01   0.12500E+01   0.20276E+01  -0.84381E+00
     159   0.47500E+01   0.12500E+01   0.21360E+01  -0.84550E+00
     160   0.50000E+01   0.12500E+01   0.22534E+01  -0.83277E+00
     161   0.51250E+01   0.12500E+01   0.23147E+01  -0.81738E+00
     162   0.52500E+01   0.12500E+01   0.23843E+01  -0.78918E+00
     163   0.53750E+01   0.12500E+01   0.24560E+01  -0.74550E+00
     164   0.55000E+01   0.12500E+01   0.25390E+01  -0.67597E+00
     165   0.56250E+01   0.12500E+01   0.26218E+01  -0.57346E+00
     166   0.57500E+01   0.12500E+01   0.27122E+01  -0.42764E+00
     167   0.58750E+01   0.12500E+01   0.27884E+01  -0.22642E+00
     168   0.60000E+01   0.12500E+01   0.28526E+01   0.23114E-01
     169   0.00000E+00   0.15000E+01   0.00000E+00  -0.91465E+00
     170   0.50000E+00   0.15000E+01   0.16409E+00  -0.91376E+00
     171   0.10000E+01   0.15000E+01   0.32803E+00  -0.91467E+00
     172   0.15000E+01   0.15000E+01   0.49220E+00  -0.91382E+00
     173   0.20000E+01   0.15000E+01   0.65576E+00  -0.91491E+00
     174   0.25000E+01   0.15000E+01   0.81938E+00  -0.91447E+00
     175   0.30000E+01   0.15000E+01   0.98091E+00  -0.91669E+00
     176   0.35000E+01   0.15000E+01   0.11402E+01  -0.91876E+00
     177   0.40000E+01   0.15000E+01   0.12920E+01  -0.92549E+00
     178   0.42500E+01   0.15000E+01   0.13661E+01  -0.92867E+00
     179   0.45000E+01   0.15000E+01   0.14353E+01  -0.93440E+00
     180   0.47500E+01   0.15000E+01   0.15067E+01  -0.93659E+00
     181   0.50000E+01   0.15000E+01   0.15782E+01  -0.93523E+00
     182   0.51250E+01   0.15000E+01   0.16221E+01  -0.92654E+00
     183   0.52500E+01   0.15000E+01   0.16654E+01  -0.91478E+00
     184   0.53750E+01   0.15000E+01   0.17259E+01  -0.88576E+00
     185   0.55000E+01   0.15000E+01   0.17902E+01  -0.84185E+00
     186   0.56250E+01   0.15000E+01   0.18854E+01  -0.75862E+00
     187   0.57500E+01   0.15000E+01   0.19817E+01  -0.62256E+00
     188   0.58750E+01   0.15000E+01   0.21077E+01  -0.41421E+00
     189   0.60000E+01   0.15000E+01   0.21948E+01  -0.86498E-01
     190   0.00000E+00   0.16250E+01   0.00000E+00  -0.95006E+00
     191   0.50000E+00   0.16250E+01   0.12744E+00  -0.95081E+00
     192   0.10000E+01   0.16250E+01   0.25492E+00  -0.95006E+00
     193   0.15000E+01   0.16250E+01   0.38226E+00  -0.95085E+00
     194   0.20000E+01   0.16250E+01   0.50959E+00  -0.95019E+00
     195   0.25000E+01   0.16250E+01   0.63630E+00  -0.95125E+00
     196   0.30000E+01   0.16250E+01   0.76204E+00  -0.95126E+00
     197   0.35000E+01   0.16250E+01   0.88455E+00  -0.95395E+00
     198   0.40000E+01   0.16250E+01   0.10015E+01  -0.95689E+00
     199   0.42500E+01   0.16250E+01   0.10559E+01  -0.96065E+00
     200   0.45000E+01   0.16250E+01   0.11086E+01  -0.96295E+00
     201   0.47500E+01   0.16250E+01   0.11575E+01  -0.96740E+00
     202   0.50000E+01   0.16250E+01   0.12093E+01  -0.96598E+00
     203   0.51250E+01   0.16250E+01   0.12363E+01  -0.96467E+00
     204   0.52500E+01   0.16250E+01   0.12708E+01  -0.95522E+00
     205   0.53750E+01   0.16250E+01   0.13098E+01  -0.94270E+00
     206   0.55000E+01   0.16250E+01   0.13677E+01  -0.90986E+00
     207   0.56250E+01   0.16250E+01   0.14403E+01  -0.85651E+00
     208   0.57500E+01   0.16250E+01   0.15568E+01  -0.74763E+00
     209   0.58750E+01   0.16250E+01   0.16883E+01  -0.53944E+00
     210   0.60000E+01   0.16250E+01   0.18438E+01  -0.22444E+00
     211   0.00000E+00   0.17500E+01   0.00000E+00  -0.97813E+00
     212   0.50000E+00   0.17500E+01   0.87906E-01  -0.97724E+00
     213   0.10000E+01   0.17500E+01   0.17576E+00  -0.97814E+00
     214   0.15000E+01   0.17500E+01   0.26368E+00  -0.97725E+00
     215   0.20000E+01   0.17500E+01   0.35134E+00  -0.97824E+00
     216   0.25000E+01   0.17500E+01   0.43890E+00  -0.97741E+00
     217   0.30000E+01   0.17500E+01   0.52525E+00  -0.97882E+00
     218   0.35000E+01   0.17500E+01   0.60968E+00  -0.97868E+00
     219   0.40000E+01   0.17500E+01   0.68865E+00  -0.98176E+00
     220   0.42500E+01   0.17500E+01   0.72561E+00  -0.98205E+00
     221   0.45000E+01   0.17500E+01   0.75876E+00  -0.98548E+00
     222   0.47500E+01   0.17500E+01   0.79011E+00  -0.98603E+00
     223   0.50000E+01   0.17500E+01   0.81855E+00  -0.98919E+00
     224   0.51250E+01   0.17500E+01   0.83527E+00  -0.98616E+00
     225   0.52500E+01   0.17500E+01   0.85123E+00  -0.98797E+00
     226   0.53750E+01   0.17500E+01   0.87650E+00  -0.97709E+00
     227   0.55000E+01   0.17500E+01   0.90591E+00  -0.97051E+00
     228   0.56250E+01   0.17500E+01   0.96462E+00  -0.93238E+00
     229   0.57500E+01   0.17500E+01   0.10377E+01  -0.87857E+00
     230   0.58750E+01   0.17500E+01   0.12309E+01  -0.70689E+00
     231   0.60000E+01   0.17500E+01   0.13434E+01  -0.32652E+00
     232   0.00000E+00   0.18750E+01   0.00000E+00  -0.99343E+00
     233   0.50000E+00   0.18750E+01   0.45415E-01  -0.99468E+00
     234   0.10000E+01   0.18750E+01   0.90824E-01  -0.99343E+00
     235   0.15000E+01   0.18750E+01   0.13623E+00  -0.99468E+00
     236   0.20000E+01   0.18750E+01   0.18156E+00  -0.99344E+00
     237   0.25000E+01   0.18750E+01   0.22676E+00  -0.99473E+00
     238   0.30000E+01   0.18750E+01   0.27140E+00  -0.99358E+00
     239   0.35000E+01   0.18750E+01   0.31484E+00  -0.99508E+00
     240   0.40000E+01   0.18750E+01   0.35523E+00  -0.99437E+00
     241   0.42500E+01   0.18750E+01   0.37353E+00  -0.99609E+00
     242   0.45000E+01   0.18750E+01   0.38998E+00  -0.99528E+00
     243   0.47500E+01   0.18750E+01   0.40384E+00  -0.99753E+00
     244   0.50000E+01   0.18750E+01   0.41564E+00  -0.99640E+00
     245   0.51250E+01   0.18750E+01   0.42101E+00  -0.99840E+00
     246   0.52500E+01   0.18750E+01   0.42702E+00  -0.99541E+00
     247   0.53750E+01   0.18750E+01   0.43407E+00  -0.99757E+00
     248   0.55000E+01   0.18750E+01   0.44664E+00  -0.98875E+00
     249   0.56250E+01   0.18750E+01   0.46740E+00  -0.98736E+00
     250   0.57500E+01   0.18750E+01   0.51905E+00  -0.94995E+00
     251   0.58750E+01   0.18750E+01   0.61316E+00  -0.91551E+00
     252   0.60000E+01   0.18750E+01   0.93446E+00  -0.63361E+00
     253   0.00000E+00   0.20000E+01   0.00000E+00  -0.10000E+01
     254   0.50000E+00   0.20000E+01   0.00000E+00  -0.10000E+01
     255   0.10000E+01   0.20000E+01   0.00000E+00  -0.10000E+01
     256   0.15000E+01   0.20000E+01   0.00000E+00  -0.10000E+01
     257   0.20000E+01   0.20000E+01   0.00000E+00  -0.10000E+01
     258   0.25000E+01   0.20000E+01   0.00000E+00  -0.10000E+01
     259   0.30000E+01   0.20000E+01   0.00000E+00  -0.10000E+01
     260   0.35000E+01   0.20000E+01   0.00000E+00  -0.10000E+01
     261   0.40000E+01   0.20000E+01   0.00000E+00  -0.10000E+01
     262   0.42500E+01   0.20000E+01   0.00000E+00  -0.10000E+01
     263   0.45000E+01   0.20000E+01   0.00000E+00  -0.10000E+01
     264   0.47500E+01   0.20000E+01   0.00000E+00  -0.10000E+01
     265   0.50000E+01   0.20000E+01   0.00000E+00  -0.10000E+01
     266   0.51250E+01   0.20000E+01   0.00000E+00  -0.10000E+01
     267   0.52500E+01   0.20000E+01   0.00000E+00  -0.10000E+01
     268   0.53750E+01   0.20000E+01   0.00000E+00  -0.10000E+01
     269   0.55000E+01   0.20000E+01   0.00000E+00  -0.10000E+01
     270   0.56250E+01   0.20000E+01   0.00000E+00  -0.10000E+01
     271   0.57500E+01   0.20000E+01   0.00000E+00  -0.10000E+01
     272   0.58750E+01   0.20000E+01   0.00000E+00  -0.10000E+01
     273   0.60000E+01   0.20000E+01   0.00000E+00  -0.10000E+01