       1   0.00000E+00   0.00000E+00   0.00000E+00   0.00000E+00
       2   0.10000E+01   0.00000E+00   0.75047E+00   0.00000E+00
       3   0.20000E+01   0.00000E+00   0.14992E+01   0.00000E+00
       4   0.30000E+01   0.00000E+00   0.22557E+01   0.00000E+00
       5   0.40000E+01   0.00000E+00   0.30238E+01   0.00000E+00
       6   0.45000E+01   0.00000E+00   0.34307E+01   0.00000E+00
       7   0.50000E+01   0.00000E+00   0.38029E+01   0.00000E+00
       8   0.52500E+01   0.00000E+00   0.39944E+01   0.00000E+00
       9   0.55000E+01   0.00000E+00   0.41085E+01   0.00000E+00
      10   0.57500E+01   0.00000E+00   0.42160E+01   0.00000E+00
      11   0.60000E+01   0.00000E+00   0.41937E+01   0.00000E+00
      12   0.00000E+00   0.25000E+00   0.00000E+00  -0.18591E+00
      13   0.10000E+01   0.25000E+00   0.73830E+00  -0.18690E+00
      14   0.20000E+01   0.25000E+00   0.14777E+01  -0.18599E+00
      15   0.30000E+01   0.25000E+00   0.22184E+01  -0.18941E+00
      16   0.40000E+01   0.25000E+00   0.29796E+01  -0.19502E+00
      17   0.45000E+01   0.25000E+00   0.33680E+01  -0.19879E+00
      18   0.50000E+01   0.25000E+00   0.37572E+01  -0.18294E+00
      19   0.52500E+01   0.25000E+00   0.39198E+01  -0.15877E+00
      20   0.55000E+01   0.25000E+00   0.40721E+01  -0.11729E+00
      21   0.57500E+01   0.25000E+00   0.41487E+01  -0.50030E-01
      22   0.60000E+01   0.25000E+00   0.41719E+01   0.36083E-01
      23   0.00000E+00   0.50000E+00   0.00000E+00  -0.36935E+00
      24   0.10000E+01   0.50000E+00   0.70353E+00  -0.36624E+00
      25   0.20000E+01   0.50000E+00   0.14052E+01  -0.36947E+00
      26   0.30000E+01   0.50000E+00   0.21128E+01  -0.37069E+00
      27   0.40000E+01   0.50000E+00   0.28250E+01  -0.38578E+00
      28   0.45000E+01   0.50000E+00   0.32018E+01  -0.38918E+00
      29   0.50000E+01   0.50000E+00   0.35561E+01  -0.36773E+00
      30   0.52500E+01   0.50000E+00   0.37476E+01  -0.31669E+00
      31   0.55000E+01   0.50000E+00   0.38626E+01  -0.23743E+00
      32   0.57500E+01   0.50000E+00   0.39897E+01  -0.11019E+00
      33   0.60000E+01   0.50000E+00   0.39621E+01   0.94162E-01
      34   0.00000E+00   0.10000E+01   0.00000E+00  -0.68581E+00
      35   0.10000E+01   0.10000E+01   0.56229E+00  -0.68849E+00
      36   0.20000E+01   0.10000E+01   0.11256E+01  -0.68596E+00
      37   0.30000E+01   0.10000E+01   0.16853E+01  -0.69339E+00
      38   0.40000E+01   0.10000E+01   0.22446E+01  -0.70552E+00
      39   0.45000E+01   0.10000E+01   0.25189E+01  -0.72230E+00
      40   0.50000E+01   0.10000E+01   0.28143E+01  -0.69927E+00
      41   0.52500E+01   0.10000E+01   0.29593E+01  -0.64992E+00
      42   0.55000E+01   0.10000E+01   0.31351E+01  -0.52547E+00
      43   0.57500E+01   0.10000E+01   0.32660E+01  -0.29363E+00
      44   0.60000E+01   0.10000E+01   0.33808E+01   0.63822E-01
      45   0.00000E+00   0.15000E+01   0.00000E+00  -0.91668E+00
      46   0.10000E+01   0.15000E+01   0.32824E+00  -0.91282E+00
      47   0.20000E+01   0.15000E+01   0.65484E+00  -0.91696E+00
      48   0.30000E+01   0.15000E+01   0.98238E+00  -0.91476E+00
      49   0.40000E+01   0.15000E+01   0.12897E+01  -0.92735E+00
      50   0.45000E+01   0.15000E+01   0.14366E+01  -0.93279E+00
      51   0.50000E+01   0.15000E+01   0.15680E+01  -0.94000E+00
      52   0.52500E+01   0.15000E+01   0.16680E+01  -0.90892E+00
      53   0.55000E+01   0.15000E+01   0.17619E+01  -0.86341E+00
      54   0.57500E+01   0.15000E+01   0.20059E+01  -0.63400E+00
      55   0.60000E+01   0.15000E+01   0.21208E+01  -0.67172E-01
      56   0.00000E+00   0.17500E+01   0.00000E+00  -0.97289E+00
      57   0.10000E+01   0.17500E+01   0.17569E+00  -0.97988E+00
      58   0.20000E+01   0.17500E+01   0.35136E+00  -0.97283E+00
      59   0.30000E+01   0.17500E+01   0.52560E+00  -0.98060E+00
      60   0.40000E+01   0.17500E+01   0.68931E+00  -0.97550E+00
      61   0.45000E+01   0.17500E+01   0.75772E+00  -0.98753E+00
      62   0.50000E+01   0.17500E+01   0.82048E+00  -0.97797E+00
      63   0.52500E+01   0.17500E+01   0.85124E+00  -0.98759E+00
      64   0.55000E+01   0.17500E+01   0.91224E+00  -0.93664E+00
      65   0.57500E+01   0.17500E+01   0.10186E+01  -0.89798E+00
      66   0.60000E+01   0.17500E+01   0.14559E+01  -0.47391E+00
      67   0.00000E+00   0.20000E+01   0.00000E+00  -0.10000E+01
      68   0.10000E+01   0.20000E+01   0.00000E+00  -0.10000E+01
      69   0.20000E+01   0.20000E+01   0.00000E+00  -0.10000E+01
      70   0.30000E+01   0.20000E+01   0.00000E+00  -0.10000E+01
      71   0.40000E+01   0.20000E+01   0.00000E+00  -0.10000E+01
      72   0.45000E+01   0.20000E+01   0.00000E+00  -0.10000E+01
      73   0.50000E+01   0.20000E+01   0.00000E+00  -0.10000E+01
      74   0.52500E+01   0.20000E+01   0.00000E+00  -0.10000E+01
      75   0.55000E+01   0.20000E+01   0.00000E+00  -0.10000E+01
      76   0.57500E+01   0.20000E+01   0.00000E+00  -0.10000E+01
      77   0.60000E+01   0.20000E+01   0.00000E+00  -0.10000E+01