   0.2113E+00   0.5283E-01  -0.5824E+01  -0.8821E+01  -0.4706E-02   0.7323E+01
   0.2113E+00   0.1972E+00  -0.5843E+01  -0.8814E+01  -0.1511E-01   0.7329E+01
   0.7887E+00   0.5283E-01  -0.5714E+01  -0.8713E+01  -0.1512E-01   0.7214E+01
   0.7887E+00   0.1972E+00  -0.5738E+01  -0.8709E+01  -0.5889E-01   0.7223E+01
   0.1211E+01   0.5283E-01  -0.5557E+01  -0.8556E+01  -0.2457E-01   0.7057E+01
   0.1211E+01   0.1972E+00  -0.5573E+01  -0.8545E+01  -0.8920E-01   0.7059E+01
   0.1789E+01   0.5283E-01  -0.5229E+01  -0.8231E+01  -0.3509E-01   0.6730E+01
   0.1789E+01   0.1972E+00  -0.5256E+01  -0.8230E+01  -0.1335E+00   0.6743E+01
   0.2211E+01   0.5283E-01  -0.4913E+01  -0.7919E+01  -0.4483E-01   0.6416E+01
   0.2211E+01   0.1972E+00  -0.4926E+01  -0.7904E+01  -0.1645E+00   0.6415E+01
   0.2789E+01   0.5283E-01  -0.4359E+01  -0.7383E+01  -0.5592E-01   0.5871E+01
   0.2789E+01   0.1972E+00  -0.4390E+01  -0.7386E+01  -0.2117E+00   0.5888E+01
   0.3211E+01   0.5283E-01  -0.3872E+01  -0.6926E+01  -0.6737E-01   0.5399E+01
   0.3211E+01   0.1972E+00  -0.3883E+01  -0.6906E+01  -0.2466E+00   0.5395E+01
   0.3789E+01   0.5283E-01  -0.3065E+01  -0.6183E+01  -0.7889E-01   0.4624E+01
   0.3789E+01   0.1972E+00  -0.3103E+01  -0.6188E+01  -0.3017E+00   0.4646E+01
   0.4106E+01   0.5283E-01  -0.2567E+01  -0.5729E+01  -0.9145E-01   0.4148E+01
   0.4106E+01   0.1972E+00  -0.2564E+01  -0.5692E+01  -0.3259E+00   0.4128E+01
   0.4394E+01   0.5283E-01  -0.2057E+01  -0.5234E+01  -0.9186E-01   0.3645E+01
   0.4394E+01   0.1972E+00  -0.2116E+01  -0.5260E+01  -0.3511E+00   0.3688E+01
   0.4606E+01   0.5283E-01  -0.1689E+01  -0.4849E+01  -0.9741E-01   0.3269E+01
   0.4606E+01   0.1972E+00  -0.1684E+01  -0.4815E+01  -0.3552E+00   0.3250E+01
   0.4894E+01   0.5283E-01  -0.1160E+01  -0.4171E+01  -0.8942E-01   0.2666E+01
   0.4894E+01   0.1972E+00  -0.1218E+01  -0.4213E+01  -0.3505E+00   0.2715E+01
   0.5053E+01   0.5283E-01  -0.9089E+00  -0.3762E+01  -0.9288E-01   0.2335E+01
   0.5053E+01   0.1972E+00  -0.8596E+00  -0.3707E+01  -0.3230E+00   0.2283E+01
   0.5197E+01   0.5283E-01  -0.6493E+00  -0.3276E+01  -0.7946E-01   0.1962E+01
   0.5197E+01   0.1972E+00  -0.7388E+00  -0.3365E+01  -0.3021E+00   0.2052E+01
   0.5303E+01   0.5283E-01  -0.5256E+00  -0.2929E+01  -0.7213E-01   0.1727E+01
   0.5303E+01   0.1972E+00  -0.4680E+00  -0.2887E+01  -0.2745E+00   0.1678E+01
   0.5447E+01   0.5283E-01  -0.3126E+00  -0.2320E+01  -0.6336E-01   0.1316E+01
   0.5447E+01   0.1972E+00  -0.3928E+00  -0.2415E+01  -0.2271E+00   0.1404E+01
   0.5553E+01   0.5283E-01  -0.2291E+00  -0.1868E+01  -0.4577E-01   0.1048E+01
   0.5553E+01   0.1972E+00  -0.1708E+00  -0.1847E+01  -0.1939E+00   0.1009E+01
   0.5697E+01   0.5283E-01  -0.8768E-01  -0.1115E+01  -0.4130E-01   0.6013E+00
   0.5697E+01   0.1972E+00  -0.1455E+00  -0.1197E+01  -0.1244E+00   0.6714E+00
   0.5803E+01   0.5283E-01  -0.4998E-01  -0.5357E+00  -0.1427E-01   0.2929E+00
   0.5803E+01   0.1972E+00  -0.1099E-01  -0.5449E+00  -0.9309E-01   0.2779E+00
   0.5947E+01   0.5283E-01   0.1107E-02   0.3659E+00  -0.9309E-02  -0.1835E+00
   0.5947E+01   0.1972E+00  -0.1819E-01   0.3184E+00  -0.1862E-01  -0.1501E+00
   0.2113E+00   0.3028E+00  -0.5874E+01  -0.8806E+01  -0.2457E-01   0.7340E+01
   0.2113E+00   0.4472E+00  -0.5933E+01  -0.8783E+01  -0.3488E-01   0.7358E+01
   0.7887E+00   0.3028E+00  -0.5762E+01  -0.8693E+01  -0.8908E-01   0.7227E+01
   0.7887E+00   0.4472E+00  -0.5831E+01  -0.8681E+01  -0.1329E+00   0.7256E+01
   0.1211E+01   0.3028E+00  -0.5612E+01  -0.8544E+01  -0.1384E+00   0.7078E+01
   0.1211E+01   0.4472E+00  -0.5659E+01  -0.8510E+01  -0.2029E+00   0.7085E+01
   0.1789E+01   0.3028E+00  -0.5273E+01  -0.8207E+01  -0.2036E+00   0.6740E+01
   0.1789E+01   0.4472E+00  -0.5354E+01  -0.8206E+01  -0.3019E+00   0.6780E+01
   0.2211E+01   0.3028E+00  -0.4972E+01  -0.7910E+01  -0.2541E+00   0.6441E+01
   0.2211E+01   0.4472E+00  -0.5009E+01  -0.7864E+01  -0.3734E+00   0.6437E+01
   0.2789E+01   0.3028E+00  -0.4401E+01  -0.7355E+01  -0.3232E+00   0.5878E+01
   0.2789E+01   0.4472E+00  -0.4496E+01  -0.7363E+01  -0.4782E+00   0.5929E+01
   0.3211E+01   0.3028E+00  -0.3939E+01  -0.6917E+01  -0.3807E+00   0.5428E+01
   0.3211E+01   0.4472E+00  -0.3971E+01  -0.6858E+01  -0.5581E+00   0.5414E+01
   0.3789E+01   0.3028E+00  -0.3113E+01  -0.6149E+01  -0.4585E+00   0.4631E+01
   0.3789E+01   0.4472E+00  -0.3229E+01  -0.6165E+01  -0.6788E+00   0.4697E+01
   0.4106E+01   0.3028E+00  -0.2662E+01  -0.5739E+01  -0.5081E+00   0.4201E+01
   0.4106E+01   0.4472E+00  -0.2653E+01  -0.5627E+01  -0.7399E+00   0.4140E+01
   0.4394E+01   0.3028E+00  -0.2093E+01  -0.5191E+01  -0.5347E+00   0.3642E+01
   0.4394E+01   0.4472E+00  -0.2272E+01  -0.5269E+01  -0.7934E+00   0.3770E+01
   0.4606E+01   0.3028E+00  -0.1789E+01  -0.4878E+01  -0.5510E+00   0.3334E+01
   0.4606E+01   0.4472E+00  -0.1773E+01  -0.4775E+01  -0.8109E+00   0.3274E+01
   0.4894E+01   0.3028E+00  -0.1185E+01  -0.4156E+01  -0.5321E+00   0.2671E+01
   0.4894E+01   0.4472E+00  -0.1365E+01  -0.4280E+01  -0.8011E+00   0.2822E+01
   0.5053E+01   0.3028E+00  -0.1032E+01  -0.3866E+01  -0.5137E+00   0.2449E+01
   0.5053E+01   0.4472E+00  -0.8855E+00  -0.3696E+01  -0.7540E+00   0.2291E+01
   0.5197E+01   0.3028E+00  -0.6200E+00  -0.3256E+01  -0.4647E+00   0.1938E+01
   0.5197E+01   0.4472E+00  -0.8940E+00  -0.3530E+01  -0.7042E+00   0.2212E+01
   0.5303E+01   0.3028E+00  -0.6348E+00  -0.3061E+01  -0.4267E+00   0.1848E+01
   0.5303E+01   0.4472E+00  -0.4590E+00  -0.2926E+01  -0.6388E+00   0.1692E+01
   0.5447E+01   0.3028E+00  -0.2649E+00  -0.2333E+01  -0.3564E+00   0.1299E+01
   0.5447E+01   0.4472E+00  -0.5205E+00  -0.2632E+01  -0.5421E+00   0.1576E+01
   0.5553E+01   0.3028E+00  -0.3163E+00  -0.2015E+01  -0.2925E+00   0.1166E+01
   0.5553E+01   0.4472E+00  -0.1243E+00  -0.1938E+01  -0.4477E+00   0.1031E+01
   0.5697E+01   0.3028E+00  -0.3837E-01  -0.1164E+01  -0.2096E+00   0.6014E+00
   0.5697E+01   0.4472E+00  -0.2353E+00  -0.1434E+01  -0.3078E+00   0.8344E+00
   0.5803E+01   0.3028E+00  -0.1010E+00  -0.6683E+00  -0.1239E+00   0.3847E+00
   0.5803E+01   0.4472E+00   0.3748E-01  -0.6831E+00  -0.2062E+00   0.3228E+00
   0.5947E+01   0.3028E+00   0.2266E-01   0.2793E+00  -0.3933E-01  -0.1510E+00
   0.5947E+01   0.4472E+00  -0.5753E-01   0.1264E+00  -0.5493E-01  -0.3444E-01
   0.2113E+00   0.6057E+00  -0.6029E+01  -0.8754E+01  -0.4830E-01   0.7391E+01
   0.2113E+00   0.8943E+00  -0.6271E+01  -0.8671E+01  -0.7053E-01   0.7471E+01
   0.7887E+00   0.6057E+00  -0.5917E+01  -0.8642E+01  -0.1789E+00   0.7279E+01
   0.7887E+00   0.8943E+00  -0.6167E+01  -0.8567E+01  -0.2649E+00   0.7367E+01
   0.1211E+01   0.6057E+00  -0.5766E+01  -0.8491E+01  -0.2758E+00   0.7129E+01
   0.1211E+01   0.8943E+00  -0.5999E+01  -0.8399E+01  -0.4062E+00   0.7199E+01
   0.1789E+01   0.6057E+00  -0.5429E+01  -0.8155E+01  -0.4075E+00   0.6792E+01
   0.1789E+01   0.8943E+00  -0.5690E+01  -0.8089E+01  -0.6018E+00   0.6889E+01
   0.2211E+01   0.6057E+00  -0.5128E+01  -0.7856E+01  -0.5064E+00   0.6492E+01
   0.2211E+01   0.8943E+00  -0.5354E+01  -0.7752E+01  -0.7449E+00   0.6553E+01
   0.2789E+01   0.6057E+00  -0.4563E+01  -0.7299E+01  -0.6446E+00   0.5931E+01
   0.2789E+01   0.8943E+00  -0.4840E+01  -0.7236E+01  -0.9476E+00   0.6038E+01
   0.3211E+01   0.6057E+00  -0.4108E+01  -0.6855E+01  -0.7546E+00   0.5481E+01
   0.3211E+01   0.8943E+00  -0.4339E+01  -0.6732E+01  -0.1102E+01   0.5536E+01
   0.3789E+01   0.6057E+00  -0.3303E+01  -0.6086E+01  -0.9113E+00   0.4694E+01
   0.3789E+01   0.8943E+00  -0.3623E+01  -0.6021E+01  -0.1329E+01   0.4822E+01
   0.4106E+01   0.6057E+00  -0.2863E+01  -0.5676E+01  -0.1004E+01   0.4269E+01
   0.4106E+01   0.8943E+00  -0.3097E+01  -0.5504E+01  -0.1456E+01   0.4301E+01
   0.4394E+01   0.6057E+00  -0.2308E+01  -0.5151E+01  -0.1070E+01   0.3729E+01
   0.4394E+01   0.8943E+00  -0.2718E+01  -0.5153E+01  -0.1568E+01   0.3936E+01
   0.4606E+01   0.6057E+00  -0.2000E+01  -0.4860E+01  -0.1106E+01   0.3430E+01
   0.4606E+01   0.8943E+00  -0.2257E+01  -0.4727E+01  -0.1631E+01   0.3492E+01
   0.4894E+01   0.6057E+00  -0.1381E+01  -0.4207E+01  -0.1093E+01   0.2794E+01
   0.4894E+01   0.8943E+00  -0.1809E+01  -0.4340E+01  -0.1659E+01   0.3074E+01
   0.5053E+01   0.6057E+00  -0.1199E+01  -0.3963E+01  -0.1055E+01   0.2581E+01
   0.5053E+01   0.8943E+00  -0.1324E+01  -0.3888E+01  -0.1618E+01   0.2606E+01
   0.5197E+01   0.6057E+00  -0.7671E+00  -0.3409E+01  -0.9738E+00   0.2088E+01
   0.5197E+01   0.8943E+00  -0.1248E+01  -0.3816E+01  -0.1542E+01   0.2532E+01
   0.5303E+01   0.6057E+00  -0.7541E+00  -0.3257E+01  -0.9015E+00   0.2006E+01
   0.5303E+01   0.8943E+00  -0.7831E+00  -0.3328E+01  -0.1436E+01   0.2056E+01
   0.5447E+01   0.6057E+00  -0.3453E+00  -0.2572E+01  -0.7570E+00   0.1459E+01
   0.5447E+01   0.8943E+00  -0.7488E+00  -0.3170E+01  -0.1252E+01   0.1959E+01
   0.5553E+01   0.6057E+00  -0.3822E+00  -0.2307E+01  -0.6376E+00   0.1344E+01
   0.5553E+01   0.8943E+00  -0.2847E+00  -0.2559E+01  -0.1057E+01   0.1422E+01
   0.5697E+01   0.6057E+00  -0.5120E-01  -0.1463E+01  -0.4412E+00   0.7573E+00
   0.5697E+01   0.8943E+00  -0.3347E+00  -0.2180E+01  -0.7533E+00   0.1257E+01
   0.5803E+01   0.6057E+00  -0.1216E+00  -0.1004E+01  -0.2824E+00   0.5630E+00
   0.5803E+01   0.8943E+00   0.2048E-01  -0.1430E+01  -0.5028E+00   0.7050E+00
   0.5947E+01   0.6057E+00   0.4286E-01  -0.2182E-01  -0.7356E-01  -0.1052E-01
   0.5947E+01   0.8943E+00  -0.8848E-01  -0.6402E+00  -0.1338E+00   0.3643E+00
   0.2113E+00   0.1106E+01  -0.6511E+01  -0.8594E+01  -0.8795E-01   0.7552E+01
   0.2113E+00   0.1394E+01  -0.6914E+01  -0.8456E+01  -0.1102E+00   0.7685E+01
   0.7887E+00   0.1106E+01  -0.6397E+01  -0.8480E+01  -0.3267E+00   0.7438E+01
   0.7887E+00   0.1394E+01  -0.6812E+01  -0.8354E+01  -0.4126E+00   0.7583E+01
   0.1211E+01   0.1106E+01  -0.6250E+01  -0.8332E+01  -0.5028E+00   0.7291E+01
   0.1211E+01   0.1394E+01  -0.6641E+01  -0.8182E+01  -0.6331E+00   0.7412E+01
   0.1789E+01   0.1106E+01  -0.5909E+01  -0.7990E+01  -0.7423E+00   0.6950E+01
   0.1789E+01   0.1394E+01  -0.6336E+01  -0.7876E+01  -0.9359E+00   0.7106E+01
   0.2211E+01   0.1106E+01  -0.5616E+01  -0.7695E+01  -0.9200E+00   0.6655E+01
   0.2211E+01   0.1394E+01  -0.5995E+01  -0.7532E+01  -0.1157E+01   0.6763E+01
   0.2789E+01   0.1106E+01  -0.5053E+01  -0.7123E+01  -0.1165E+01   0.6088E+01
   0.2789E+01   0.1394E+01  -0.5494E+01  -0.7018E+01  -0.1462E+01   0.6256E+01
   0.3211E+01   0.1106E+01  -0.4622E+01  -0.6679E+01  -0.1352E+01   0.5650E+01
   0.3211E+01   0.1394E+01  -0.4994E+01  -0.6497E+01  -0.1686E+01   0.5745E+01
   0.3789E+01   0.1106E+01  -0.3853E+01  -0.5886E+01  -0.1619E+01   0.4869E+01
   0.3789E+01   0.1394E+01  -0.4330E+01  -0.5782E+01  -0.2003E+01   0.5056E+01
   0.4106E+01   0.1106E+01  -0.3476E+01  -0.5497E+01  -0.1777E+01   0.4487E+01
   0.4106E+01   0.1394E+01  -0.3829E+01  -0.5241E+01  -0.2180E+01   0.4535E+01
   0.4394E+01   0.1106E+01  -0.2938E+01  -0.4970E+01  -0.1912E+01   0.3954E+01
   0.4394E+01   0.1394E+01  -0.3543E+01  -0.4933E+01  -0.2349E+01   0.4238E+01
   0.4606E+01   0.1106E+01  -0.2697E+01  -0.4762E+01  -0.2010E+01   0.3730E+01
   0.4606E+01   0.1394E+01  -0.3113E+01  -0.4499E+01  -0.2471E+01   0.3806E+01
   0.4894E+01   0.1106E+01  -0.2048E+01  -0.4230E+01  -0.2081E+01   0.3139E+01
   0.4894E+01   0.1394E+01  -0.2792E+01  -0.4287E+01  -0.2623E+01   0.3540E+01
   0.5053E+01   0.1106E+01  -0.1906E+01  -0.4197E+01  -0.2085E+01   0.3052E+01
   0.5053E+01   0.1394E+01  -0.2281E+01  -0.3902E+01  -0.2675E+01   0.3091E+01
   0.5197E+01   0.1106E+01  -0.1308E+01  -0.3717E+01  -0.2015E+01   0.2512E+01
   0.5197E+01   0.1394E+01  -0.2305E+01  -0.4146E+01  -0.2700E+01   0.3226E+01
   0.5303E+01   0.1106E+01  -0.1341E+01  -0.3846E+01  -0.1934E+01   0.2593E+01
   0.5303E+01   0.1394E+01  -0.1692E+01  -0.3750E+01  -0.2658E+01   0.2721E+01
   0.5447E+01   0.1106E+01  -0.6677E+00  -0.3261E+01  -0.1709E+01   0.1964E+01
   0.5447E+01   0.1394E+01  -0.1673E+01  -0.4123E+01  -0.2532E+01   0.2898E+01
   0.5553E+01   0.1106E+01  -0.7457E+00  -0.3323E+01  -0.1489E+01   0.2035E+01
   0.5553E+01   0.1394E+01  -0.8838E+00  -0.3703E+01  -0.2298E+01   0.2294E+01
   0.5697E+01   0.1106E+01  -0.1032E+00  -0.2509E+01  -0.1063E+01   0.1306E+01
   0.5697E+01   0.1394E+01  -0.8470E+00  -0.3966E+01  -0.1807E+01   0.2407E+01
   0.5803E+01   0.1106E+01  -0.2676E+00  -0.2269E+01  -0.6900E+00   0.1268E+01
   0.5803E+01   0.1394E+01  -0.3746E-01  -0.3333E+01  -0.1251E+01   0.1685E+01
   0.5947E+01   0.1106E+01   0.1083E+00  -0.1177E+01  -0.1837E+00   0.5341E+00
   0.5947E+01   0.1394E+01  -0.1955E+00  -0.2698E+01  -0.3354E+00   0.1447E+01
   0.2113E+00   0.1553E+01  -0.7181E+01  -0.8373E+01  -0.1238E+00   0.7777E+01
   0.2113E+00   0.1697E+01  -0.7439E+01  -0.8278E+01  -0.1348E+00   0.7859E+01
   0.7887E+00   0.1553E+01  -0.7059E+01  -0.8250E+01  -0.4585E+00   0.7654E+01
   0.7887E+00   0.1697E+01  -0.7346E+01  -0.8186E+01  -0.5017E+00   0.7766E+01
   0.1211E+01   0.1553E+01  -0.6928E+01  -0.8120E+01  -0.7062E+00   0.7524E+01
   0.1211E+01   0.1697E+01  -0.7156E+01  -0.7996E+01  -0.7712E+00   0.7576E+01
   0.1789E+01   0.1553E+01  -0.6562E+01  -0.7751E+01  -0.1041E+01   0.7157E+01
   0.1789E+01   0.1697E+01  -0.6878E+01  -0.7717E+01  -0.1138E+01   0.7298E+01
   0.2211E+01   0.1553E+01  -0.6303E+01  -0.7490E+01  -0.1288E+01   0.6896E+01
   0.2211E+01   0.1697E+01  -0.6500E+01  -0.7335E+01  -0.1407E+01   0.6917E+01
   0.2789E+01   0.1553E+01  -0.5698E+01  -0.6871E+01  -0.1623E+01   0.6285E+01
   0.2789E+01   0.1697E+01  -0.6042E+01  -0.6869E+01  -0.1772E+01   0.6456E+01
   0.3211E+01   0.1553E+01  -0.5321E+01  -0.6476E+01  -0.1871E+01   0.5899E+01
   0.3211E+01   0.1697E+01  -0.5482E+01  -0.6290E+01  -0.2037E+01   0.5886E+01
   0.3789E+01   0.1553E+01  -0.4514E+01  -0.5610E+01  -0.2205E+01   0.5062E+01
   0.3789E+01   0.1697E+01  -0.4882E+01  -0.5642E+01  -0.2393E+01   0.5262E+01
   0.4106E+01   0.1553E+01  -0.4276E+01  -0.5328E+01  -0.2396E+01   0.4802E+01
   0.4106E+01   0.1697E+01  -0.4273E+01  -0.4981E+01  -0.2582E+01   0.4627E+01
   0.4394E+01   0.1553E+01  -0.3641E+01  -0.4639E+01  -0.2563E+01   0.4140E+01
   0.4394E+01   0.1697E+01  -0.4175E+01  -0.4841E+01  -0.2753E+01   0.4508E+01
   0.4606E+01   0.1553E+01  -0.3639E+01  -0.4617E+01  -0.2697E+01   0.4128E+01
   0.4606E+01   0.1697E+01  -0.3610E+01  -0.4220E+01  -0.2877E+01   0.3915E+01
   0.4894E+01   0.1553E+01  -0.2943E+01  -0.3964E+01  -0.2865E+01   0.3454E+01
   0.4894E+01   0.1697E+01  -0.3597E+01  -0.4217E+01  -0.3055E+01   0.3907E+01
   0.5053E+01   0.1553E+01  -0.3210E+01  -0.4347E+01  -0.2975E+01   0.3778E+01
   0.5053E+01   0.1697E+01  -0.2882E+01  -0.3517E+01  -0.3155E+01   0.3200E+01
   0.5197E+01   0.1553E+01  -0.2244E+01  -0.3561E+01  -0.3024E+01   0.2902E+01
   0.5197E+01   0.1697E+01  -0.3489E+01  -0.4300E+01  -0.3263E+01   0.3894E+01
   0.5303E+01   0.1553E+01  -0.2813E+01  -0.4395E+01  -0.3084E+01   0.3604E+01
   0.5303E+01   0.1697E+01  -0.2510E+01  -0.3440E+01  -0.3328E+01   0.2975E+01
   0.5447E+01   0.1553E+01  -0.1549E+01  -0.3640E+01  -0.3016E+01   0.2594E+01
   0.5447E+01   0.1697E+01  -0.3219E+01  -0.4665E+01  -0.3437E+01   0.3942E+01
   0.5553E+01   0.1553E+01  -0.2152E+01  -0.4789E+01  -0.2968E+01   0.3471E+01
   0.5553E+01   0.1697E+01  -0.1880E+01  -0.3825E+01  -0.3410E+01   0.2853E+01
   0.5697E+01   0.1553E+01  -0.3868E+00  -0.4059E+01  -0.2413E+01   0.2223E+01
   0.5697E+01   0.1697E+01  -0.2538E+01  -0.5800E+01  -0.3346E+01   0.4169E+01
   0.5803E+01   0.1553E+01  -0.1095E+01  -0.4964E+01  -0.1771E+01   0.3029E+01
   0.5803E+01   0.1697E+01  -0.1270E+00  -0.5296E+01  -0.2435E+01   0.2711E+01
   0.5947E+01   0.1553E+01   0.4464E+00  -0.3719E+01  -0.4857E+00   0.1637E+01
   0.5947E+01   0.1697E+01  -0.1142E+01  -0.5718E+01  -0.9669E+00   0.3430E+01
   0.2113E+00   0.1803E+01  -0.7653E+01  -0.8216E+01  -0.1440E+00   0.7935E+01
   0.2113E+00   0.1947E+01  -0.7951E+01  -0.8107E+01  -0.1565E+00   0.8029E+01
   0.7887E+00   0.1803E+01  -0.7529E+01  -0.8091E+01  -0.5321E+00   0.7810E+01
   0.7887E+00   0.1947E+01  -0.7859E+01  -0.8015E+01  -0.5738E+00   0.7937E+01
   0.1211E+01   0.1803E+01  -0.7402E+01  -0.7965E+01  -0.8200E+00   0.7684E+01
   0.1211E+01   0.1947E+01  -0.7668E+01  -0.7824E+01  -0.8868E+00   0.7746E+01
   0.1789E+01   0.1803E+01  -0.7029E+01  -0.7590E+01  -0.1208E+01   0.7310E+01
   0.1789E+01   0.1947E+01  -0.7391E+01  -0.7548E+01  -0.1304E+01   0.7470E+01
   0.2211E+01   0.1803E+01  -0.6777E+01  -0.7338E+01  -0.1495E+01   0.7057E+01
   0.2211E+01   0.1947E+01  -0.7008E+01  -0.7164E+01  -0.1616E+01   0.7086E+01
   0.2789E+01   0.1803E+01  -0.6157E+01  -0.6709E+01  -0.1880E+01   0.6433E+01
   0.2789E+01   0.1947E+01  -0.6548E+01  -0.6702E+01  -0.2029E+01   0.6625E+01
   0.3211E+01   0.1803E+01  -0.5787E+01  -0.6329E+01  -0.2162E+01   0.6058E+01
   0.3211E+01   0.1947E+01  -0.5973E+01  -0.6124E+01  -0.2335E+01   0.6049E+01
   0.3789E+01   0.1803E+01  -0.4950E+01  -0.5450E+01  -0.2528E+01   0.5200E+01
   0.3789E+01   0.1947E+01  -0.5350E+01  -0.5487E+01  -0.2719E+01   0.5419E+01
   0.4106E+01   0.1803E+01  -0.4729E+01  -0.5197E+01  -0.2724E+01   0.4963E+01
   0.4106E+01   0.1947E+01  -0.4705E+01  -0.4829E+01  -0.2924E+01   0.4767E+01
   0.4394E+01   0.1803E+01  -0.4061E+01  -0.4474E+01  -0.2886E+01   0.4267E+01
   0.4394E+01   0.1947E+01  -0.4598E+01  -0.4708E+01  -0.3075E+01   0.4653E+01
   0.4606E+01   0.1803E+01  -0.4109E+01  -0.4488E+01  -0.3005E+01   0.4299E+01
   0.4606E+01   0.1947E+01  -0.3994E+01  -0.4082E+01  -0.3188E+01   0.4038E+01
   0.4894E+01   0.1803E+01  -0.3456E+01  -0.3785E+01  -0.3161E+01   0.3620E+01
   0.4894E+01   0.1947E+01  -0.4019E+01  -0.4088E+01  -0.3291E+01   0.4053E+01
   0.5053E+01   0.1803E+01  -0.3877E+01  -0.4235E+01  -0.3257E+01   0.4056E+01
   0.5053E+01   0.1947E+01  -0.3324E+01  -0.3372E+01  -0.3365E+01   0.3348E+01
   0.5197E+01   0.1803E+01  -0.2982E+01  -0.3344E+01  -0.3349E+01   0.3163E+01
   0.5197E+01   0.1947E+01  -0.4089E+01  -0.4157E+01  -0.3378E+01   0.4123E+01
   0.5303E+01   0.1803E+01  -0.3807E+01  -0.4312E+01  -0.3434E+01   0.4060E+01
   0.5303E+01   0.1947E+01  -0.3198E+01  -0.3242E+01  -0.3460E+01   0.3220E+01
   0.5447E+01   0.1803E+01  -0.2749E+01  -0.3459E+01  -0.3551E+01   0.3104E+01
   0.5447E+01   0.1947E+01  -0.4335E+01  -0.4496E+01  -0.3473E+01   0.4415E+01
   0.5553E+01   0.1803E+01  -0.3801E+01  -0.5032E+01  -0.3708E+01   0.4416E+01
   0.5553E+01   0.1947E+01  -0.3354E+01  -0.3521E+01  -0.3641E+01   0.3437E+01
   0.5697E+01   0.1803E+01  -0.2169E+01  -0.4402E+01  -0.3689E+01   0.3285E+01
   0.5697E+01   0.1947E+01  -0.5142E+01  -0.6005E+01  -0.3776E+01   0.5573E+01
   0.5803E+01   0.1803E+01  -0.3090E+01  -0.7628E+01  -0.4178E+01   0.5359E+01
   0.5803E+01   0.1947E+01  -0.4058E+01  -0.4912E+01  -0.4278E+01   0.4485E+01
   0.5947E+01   0.1803E+01   0.1502E+01  -0.7276E+01  -0.1082E+01   0.2887E+01
   0.5947E+01   0.1947E+01  -0.6513E+01  -0.1333E+02  -0.5095E+01   0.9921E+01