       1   0.00000E+00   0.00000E+00   0.00000E+00   0.00000E+00
       2   0.10000E+01   0.00000E+00   0.30993E-01   0.00000E+00
       3   0.20000E+01   0.00000E+00   0.69109E-01   0.00000E+00
       4   0.30000E+01   0.00000E+00   0.12329E+00   0.00000E+00
       5   0.40000E+01   0.00000E+00   0.20607E+00   0.00000E+00
       6   0.45000E+01   0.00000E+00   0.26310E+00   0.00000E+00
       7   0.50000E+01   0.00000E+00   0.33100E+00   0.00000E+00
       8   0.52500E+01   0.00000E+00   0.36839E+00   0.00000E+00
       9   0.55000E+01   0.00000E+00   0.40639E+00   0.00000E+00
      10   0.57500E+01   0.00000E+00   0.44434E+00   0.00000E+00
      11   0.60000E+01   0.00000E+00   0.47966E+00   0.00000E+00