       1   0.00000E+00   0.00000E+00   0.00000E+00   0.00000E+00
       2   0.10000E+01   0.00000E+00   0.30255E-01   0.00000E+00
       3   0.20000E+01   0.00000E+00   0.67672E-01   0.00000E+00
       4   0.30000E+01   0.00000E+00   0.12134E+00   0.00000E+00
       5   0.40000E+01   0.00000E+00   0.20400E+00   0.00000E+00
       6   0.45000E+01   0.00000E+00   0.26112E+00   0.00000E+00
       7   0.50000E+01   0.00000E+00   0.32967E+00   0.00000E+00
       8   0.52500E+01   0.00000E+00   0.36744E+00   0.00000E+00
       9   0.55000E+01   0.00000E+00   0.40602E+00   0.00000E+00
      10   0.57500E+01   0.00000E+00   0.44384E+00   0.00000E+00
      11   0.60000E+01   0.00000E+00   0.47926E+00   0.00000E+00