       1   0.00000E+00   0.00000E+00   0.00000E+00   0.00000E+00
       2   0.10000E+01   0.00000E+00   0.75757E+00   0.00000E+00
       3   0.20000E+01   0.00000E+00   0.15135E+01   0.00000E+00
       4   0.30000E+01   0.00000E+00   0.22756E+01   0.00000E+00
       5   0.40000E+01   0.00000E+00   0.30541E+01   0.00000E+00
       6   0.45000E+01   0.00000E+00   0.34648E+01   0.00000E+00
       7   0.50000E+01   0.00000E+00   0.38517E+01   0.00000E+00
       8   0.52500E+01   0.00000E+00   0.40441E+01   0.00000E+00
       9   0.55000E+01   0.00000E+00   0.41712E+01   0.00000E+00
      10   0.57500E+01   0.00000E+00   0.42654E+01   0.00000E+00
      11   0.60000E+01   0.00000E+00   0.42549E+01   0.00000E+00