       1   0.00000E+00   0.00000E+00   0.00000E+00   0.00000E+00
       2   0.10000E+01   0.00000E+00   0.65131E+00   0.00000E+00
       3   0.20000E+01   0.00000E+00   0.13062E+01   0.00000E+00
       4   0.30000E+01   0.00000E+00   0.19769E+01   0.00000E+00
       5   0.40000E+01   0.00000E+00   0.26730E+01   0.00000E+00
       6   0.45000E+01   0.00000E+00   0.30463E+01   0.00000E+00
       7   0.50000E+01   0.00000E+00   0.33956E+01   0.00000E+00
       8   0.52500E+01   0.00000E+00   0.35732E+01   0.00000E+00
       9   0.55000E+01   0.00000E+00   0.36874E+01   0.00000E+00
      10   0.57500E+01   0.00000E+00   0.37924E+01   0.00000E+00
      11   0.60000E+01   0.00000E+00   0.37862E+01   0.00000E+00