       1   0.00000E+00   0.00000E+00   0.00000E+00   0.00000E+00
       2   0.12500E+00   0.00000E+00   0.00000E+00   0.00000E+00
       3   0.25000E+00   0.00000E+00   0.00000E+00   0.00000E+00
       4   0.37500E+00   0.00000E+00   0.00000E+00   0.00000E+00
       5   0.50000E+00   0.00000E+00   0.00000E+00   0.00000E+00
       6   0.62500E+00   0.00000E+00   0.00000E+00   0.00000E+00
       7   0.75000E+00   0.00000E+00   0.00000E+00   0.00000E+00
       8   0.87500E+00   0.00000E+00   0.00000E+00   0.00000E+00
       9   0.10000E+01   0.00000E+00   0.00000E+00   0.00000E+00
      10   0.00000E+00   0.12500E+00   0.00000E+00   0.00000E+00
      11   0.12500E+00   0.12500E+00  -0.80681E-02   0.80681E-02
      12   0.25000E+00   0.12500E+00  -0.28598E-01   0.12461E-01
      13   0.37500E+00   0.12500E+00  -0.49494E-01   0.84344E-02
      14   0.50000E+00   0.12500E+00  -0.57928E-01  -0.15201E-09
      15   0.62500E+00   0.12500E+00  -0.49494E-01  -0.84344E-02
      16   0.75000E+00   0.12500E+00  -0.28598E-01  -0.12461E-01
      17   0.87500E+00   0.12500E+00  -0.80681E-02  -0.80681E-02
      18   0.10000E+01   0.12500E+00   0.00000E+00   0.00000E+00
      19   0.00000E+00   0.25000E+00   0.00000E+00   0.00000E+00
      20   0.12500E+00   0.25000E+00  -0.16703E-01   0.32840E-01
      21   0.25000E+00   0.25000E+00  -0.52890E-01   0.44406E-01
      22   0.37500E+00   0.25000E+00  -0.85581E-01   0.30078E-01
      23   0.50000E+00   0.25000E+00  -0.98791E-01  -0.12414E-09
      24   0.62500E+00   0.25000E+00  -0.85581E-01  -0.30078E-01
      25   0.75000E+00   0.25000E+00  -0.52890E-01  -0.44406E-01
      26   0.87500E+00   0.25000E+00  -0.16703E-01  -0.32840E-01
      27   0.10000E+01   0.25000E+00   0.00000E+00   0.00000E+00
      28   0.00000E+00   0.37500E+00   0.00000E+00   0.00000E+00
      29   0.12500E+00   0.37500E+00  -0.23193E-01   0.72736E-01
      30   0.25000E+00   0.37500E+00  -0.73638E-01   0.91141E-01
      31   0.37500E+00   0.37500E+00  -0.11630E+00   0.58699E-01
      32   0.50000E+00   0.37500E+00  -0.13171E+00   0.12870E-09
      33   0.62500E+00   0.37500E+00  -0.11630E+00  -0.58699E-01
      34   0.75000E+00   0.37500E+00  -0.73638E-01  -0.91141E-01
      35   0.87500E+00   0.37500E+00  -0.23193E-01  -0.72736E-01
      36   0.10000E+01   0.37500E+00   0.00000E+00   0.00000E+00
      37   0.00000E+00   0.50000E+00   0.00000E+00   0.00000E+00
      38   0.12500E+00   0.50000E+00  -0.30461E-01   0.12639E+00
      39   0.25000E+00   0.50000E+00  -0.87409E-01   0.14488E+00
      40   0.37500E+00   0.50000E+00  -0.13051E+00   0.90721E-01
      41   0.50000E+00   0.50000E+00  -0.14712E+00  -0.36345E-09
      42   0.62500E+00   0.50000E+00  -0.13051E+00  -0.90721E-01
      43   0.75000E+00   0.50000E+00  -0.87409E-01  -0.14488E+00
      44   0.87500E+00   0.50000E+00  -0.30461E-01  -0.12639E+00
      45   0.10000E+01   0.50000E+00   0.00000E+00   0.00000E+00
      46   0.00000E+00   0.62500E+00   0.00000E+00   0.00000E+00
      47   0.12500E+00   0.62500E+00  -0.29201E-01   0.18605E+00
      48   0.25000E+00   0.62500E+00  -0.81653E-01   0.19462E+00
      49   0.37500E+00   0.62500E+00  -0.99936E-01   0.10236E+00
      50   0.50000E+00   0.62500E+00  -0.94970E-01  -0.14579E-08
      51   0.62500E+00   0.62500E+00  -0.99936E-01  -0.10236E+00
      52   0.75000E+00   0.62500E+00  -0.81653E-01  -0.19462E+00
      53   0.87500E+00   0.62500E+00  -0.29201E-01  -0.18605E+00
      54   0.10000E+01   0.62500E+00   0.00000E+00   0.00000E+00
      55   0.00000E+00   0.75000E+00   0.00000E+00   0.00000E+00
      56   0.12500E+00   0.75000E+00  -0.26854E-01   0.24211E+00
      57   0.25000E+00   0.75000E+00  -0.55130E-02   0.16968E+00
      58   0.37500E+00   0.75000E+00   0.61571E-01   0.78508E-01
      59   0.50000E+00   0.75000E+00   0.80460E-01  -0.23808E-08
      60   0.62500E+00   0.75000E+00   0.61571E-01  -0.78508E-01
      61   0.75000E+00   0.75000E+00  -0.55130E-02  -0.16968E+00
      62   0.87500E+00   0.75000E+00  -0.26854E-01  -0.24211E+00
      63   0.10000E+01   0.75000E+00   0.00000E+00   0.00000E+00
      64   0.00000E+00   0.87500E+00   0.00000E+00   0.00000E+00
      65   0.12500E+00   0.87500E+00   0.13448E+00   0.13448E+00
      66   0.25000E+00   0.87500E+00   0.32970E+00   0.60741E-01
      67   0.37500E+00   0.87500E+00   0.42025E+00   0.29809E-01
      68   0.50000E+00   0.87500E+00   0.45006E+00  -0.13872E-08
      69   0.62500E+00   0.87500E+00   0.42025E+00  -0.29809E-01
      70   0.75000E+00   0.87500E+00   0.32970E+00  -0.60741E-01
      71   0.87500E+00   0.87500E+00   0.13448E+00  -0.13448E+00
      72   0.10000E+01   0.87500E+00   0.00000E+00   0.00000E+00
      73   0.00000E+00   0.10000E+01   0.10000E+01   0.00000E+00
      74   0.12500E+00   0.10000E+01   0.10000E+01   0.00000E+00
      75   0.25000E+00   0.10000E+01   0.10000E+01   0.00000E+00
      76   0.37500E+00   0.10000E+01   0.10000E+01   0.00000E+00
      77   0.50000E+00   0.10000E+01   0.10000E+01   0.00000E+00
      78   0.62500E+00   0.10000E+01   0.10000E+01   0.00000E+00
      79   0.75000E+00   0.10000E+01   0.10000E+01   0.00000E+00
      80   0.87500E+00   0.10000E+01   0.10000E+01   0.00000E+00
      81   0.10000E+01   0.10000E+01   0.10000E+01   0.00000E+00