       1   0.00000E+00   0.00000E+00   0.00000E+00   0.00000E+00
       2   0.12500E+00   0.00000E+00   0.00000E+00   0.00000E+00
       3   0.25000E+00   0.00000E+00   0.00000E+00   0.00000E+00
       4   0.37500E+00   0.00000E+00   0.00000E+00   0.00000E+00
       5   0.50000E+00   0.00000E+00   0.00000E+00   0.00000E+00
       6   0.62500E+00   0.00000E+00   0.00000E+00   0.00000E+00
       7   0.75000E+00   0.00000E+00   0.00000E+00   0.00000E+00
       8   0.87500E+00   0.00000E+00   0.00000E+00   0.00000E+00
       9   0.10000E+01   0.00000E+00   0.00000E+00   0.00000E+00
      10   0.00000E+00   0.12500E+00   0.00000E+00   0.00000E+00
      11   0.12500E+00   0.12500E+00  -0.96005E-02   0.88591E-02
      12   0.25000E+00   0.12500E+00  -0.31440E-01   0.13064E-01
      13   0.37500E+00   0.12500E+00  -0.52580E-01   0.88539E-02
      14   0.50000E+00   0.12500E+00  -0.61480E-01  -0.15276E-09
      15   0.62500E+00   0.12500E+00  -0.52580E-01  -0.88539E-02
      16   0.75000E+00   0.12500E+00  -0.31440E-01  -0.13064E-01
      17   0.87500E+00   0.12500E+00  -0.96005E-02  -0.88591E-02
      18   0.10000E+01   0.12500E+00   0.00000E+00   0.00000E+00
      19   0.00000E+00   0.25000E+00   0.00000E+00   0.00000E+00
      20   0.12500E+00   0.25000E+00  -0.18995E-01   0.34406E-01
      21   0.25000E+00   0.25000E+00  -0.57521E-01   0.45660E-01
      22   0.37500E+00   0.25000E+00  -0.90486E-01   0.30225E-01
      23   0.50000E+00   0.25000E+00  -0.10392E+00  -0.16571E-09
      24   0.62500E+00   0.25000E+00  -0.90486E-01  -0.30225E-01
      25   0.75000E+00   0.25000E+00  -0.57521E-01  -0.45660E-01
      26   0.87500E+00   0.25000E+00  -0.18995E-01  -0.34406E-01
      27   0.10000E+01   0.25000E+00   0.00000E+00   0.00000E+00
      28   0.00000E+00   0.37500E+00   0.00000E+00   0.00000E+00
      29   0.12500E+00   0.37500E+00  -0.27458E-01   0.75194E-01
      30   0.25000E+00   0.37500E+00  -0.81058E-01   0.92289E-01
      31   0.37500E+00   0.37500E+00  -0.12327E+00   0.58502E-01
      32   0.50000E+00   0.37500E+00  -0.13935E+00  -0.16008E-08
      33   0.62500E+00   0.37500E+00  -0.12327E+00  -0.58502E-01
      34   0.75000E+00   0.37500E+00  -0.81058E-01  -0.92289E-01
      35   0.87500E+00   0.37500E+00  -0.27458E-01  -0.75194E-01
      36   0.10000E+01   0.37500E+00   0.00000E+00   0.00000E+00
      37   0.00000E+00   0.50000E+00   0.00000E+00   0.00000E+00
      38   0.12500E+00   0.50000E+00  -0.34958E-01   0.12889E+00
      39   0.25000E+00   0.50000E+00  -0.96932E-01   0.14640E+00
      40   0.37500E+00   0.50000E+00  -0.14012E+00   0.89768E-01
      41   0.50000E+00   0.50000E+00  -0.15629E+00  -0.13302E-08
      42   0.62500E+00   0.50000E+00  -0.14012E+00  -0.89768E-01
      43   0.75000E+00   0.50000E+00  -0.96932E-01  -0.14640E+00
      44   0.87500E+00   0.50000E+00  -0.34958E-01  -0.12889E+00
      45   0.10000E+01   0.50000E+00   0.00000E+00   0.00000E+00
      46   0.00000E+00   0.62500E+00   0.00000E+00   0.00000E+00
      47   0.12500E+00   0.62500E+00  -0.42216E-01   0.19436E+00
      48   0.25000E+00   0.62500E+00  -0.10018E+00   0.19797E+00
      49   0.37500E+00   0.62500E+00  -0.11385E+00   0.10624E+00
      50   0.50000E+00   0.62500E+00  -0.11176E+00  -0.19845E-08
      51   0.62500E+00   0.62500E+00  -0.11385E+00  -0.10624E+00
      52   0.75000E+00   0.62500E+00  -0.10018E+00  -0.19797E+00
      53   0.87500E+00   0.62500E+00  -0.42216E-01  -0.19436E+00
      54   0.10000E+01   0.62500E+00   0.00000E+00   0.00000E+00
      55   0.00000E+00   0.75000E+00   0.00000E+00   0.00000E+00
      56   0.12500E+00   0.75000E+00  -0.40317E-01   0.25443E+00
      57   0.25000E+00   0.75000E+00  -0.32275E-01   0.17417E+00
      58   0.37500E+00   0.75000E+00   0.32095E-01   0.89151E-01
      59   0.50000E+00   0.75000E+00   0.48107E-01  -0.42386E-09
      60   0.62500E+00   0.75000E+00   0.32095E-01  -0.89151E-01
      61   0.75000E+00   0.75000E+00  -0.32275E-01  -0.17417E+00
      62   0.87500E+00   0.75000E+00  -0.40317E-01  -0.25443E+00
      63   0.10000E+01   0.75000E+00   0.00000E+00   0.00000E+00
      64   0.00000E+00   0.87500E+00   0.00000E+00   0.00000E+00
      65   0.12500E+00   0.87500E+00   0.12641E+00   0.13931E+00
      66   0.25000E+00   0.87500E+00   0.30604E+00   0.62906E-01
      67   0.37500E+00   0.87500E+00   0.38895E+00   0.35549E-01
      68   0.50000E+00   0.87500E+00   0.41864E+00   0.18183E-08
      69   0.62500E+00   0.87500E+00   0.38895E+00  -0.35549E-01
      70   0.75000E+00   0.87500E+00   0.30604E+00  -0.62906E-01
      71   0.87500E+00   0.87500E+00   0.12641E+00  -0.13931E+00
      72   0.10000E+01   0.87500E+00   0.00000E+00   0.00000E+00
      73   0.00000E+00   0.10000E+01   0.10000E+01   0.00000E+00
      74   0.12500E+00   0.10000E+01   0.10000E+01   0.00000E+00
      75   0.25000E+00   0.10000E+01   0.10000E+01   0.00000E+00
      76   0.37500E+00   0.10000E+01   0.10000E+01   0.00000E+00
      77   0.50000E+00   0.10000E+01   0.10000E+01   0.00000E+00
      78   0.62500E+00   0.10000E+01   0.10000E+01   0.00000E+00
      79   0.75000E+00   0.10000E+01   0.10000E+01   0.00000E+00
      80   0.87500E+00   0.10000E+01   0.10000E+01   0.00000E+00
      81   0.10000E+01   0.10000E+01   0.10000E+01   0.00000E+00