       1   0.00000E+00   0.00000E+00   0.00000E+00   0.00000E+00
       2   0.12500E+00   0.00000E+00   0.00000E+00   0.00000E+00
       3   0.25000E+00   0.00000E+00   0.00000E+00   0.00000E+00
       4   0.37500E+00   0.00000E+00   0.00000E+00   0.00000E+00
       5   0.50000E+00   0.00000E+00   0.00000E+00   0.00000E+00
       6   0.62500E+00   0.00000E+00   0.00000E+00   0.00000E+00
       7   0.75000E+00   0.00000E+00   0.00000E+00   0.00000E+00
       8   0.87500E+00   0.00000E+00   0.00000E+00   0.00000E+00
       9   0.10000E+01   0.00000E+00   0.00000E+00   0.00000E+00
      10   0.00000E+00   0.12500E+00   0.00000E+00   0.00000E+00
      11   0.12500E+00   0.12500E+00  -0.68613E-02   0.61997E-02
      12   0.25000E+00   0.12500E+00  -0.21507E-01   0.67534E-02
      13   0.37500E+00   0.12500E+00  -0.35953E-01   0.66674E-02
      14   0.50000E+00   0.12500E+00  -0.41162E-01  -0.39187E-02
      15   0.62500E+00   0.12500E+00  -0.32273E-01  -0.64756E-02
      16   0.75000E+00   0.12500E+00  -0.15851E-01  -0.98554E-02
      17   0.87500E+00   0.12500E+00  -0.34336E-02  -0.28812E-02
      18   0.10000E+01   0.12500E+00   0.00000E+00   0.00000E+00
      19   0.00000E+00   0.25000E+00   0.00000E+00   0.00000E+00
      20   0.12500E+00   0.25000E+00  -0.12046E-01   0.24153E-01
      21   0.25000E+00   0.25000E+00  -0.45846E-01   0.35260E-01
      22   0.37500E+00   0.25000E+00  -0.70387E-01   0.19632E-01
      23   0.50000E+00   0.25000E+00  -0.85071E-01   0.40598E-02
      24   0.62500E+00   0.25000E+00  -0.75501E-01  -0.29158E-01
      25   0.75000E+00   0.25000E+00  -0.41291E-01  -0.32453E-01
      26   0.87500E+00   0.25000E+00  -0.14275E-01  -0.18061E-01
      27   0.10000E+01   0.25000E+00   0.00000E+00   0.00000E+00
      28   0.00000E+00   0.37500E+00   0.00000E+00   0.00000E+00
      29   0.12500E+00   0.37500E+00  -0.21386E-01   0.56277E-01
      30   0.25000E+00   0.37500E+00  -0.55137E-01   0.62992E-01
      31   0.37500E+00   0.37500E+00  -0.96359E-01   0.55176E-01
      32   0.50000E+00   0.37500E+00  -0.12827E+00   0.81975E-02
      33   0.62500E+00   0.37500E+00  -0.13195E+00  -0.45895E-01
      34   0.75000E+00   0.37500E+00  -0.95815E-01  -0.90485E-01
      35   0.87500E+00   0.37500E+00  -0.29525E-01  -0.55910E-01
      36   0.10000E+01   0.37500E+00   0.00000E+00   0.00000E+00
      37   0.00000E+00   0.50000E+00   0.00000E+00   0.00000E+00
      38   0.12500E+00   0.50000E+00  -0.20610E-02   0.83355E-01
      39   0.25000E+00   0.50000E+00  -0.45425E-01   0.11027E+00
      40   0.37500E+00   0.50000E+00  -0.79032E-01   0.91204E-01
      41   0.50000E+00   0.50000E+00  -0.13045E+00   0.59552E-01
      42   0.62500E+00   0.50000E+00  -0.16724E+00  -0.56988E-01
      43   0.75000E+00   0.50000E+00  -0.13527E+00  -0.14541E+00
      44   0.87500E+00   0.50000E+00  -0.62815E-01  -0.12978E+00
      45   0.10000E+01   0.50000E+00   0.00000E+00   0.00000E+00
      46   0.00000E+00   0.62500E+00   0.00000E+00   0.00000E+00
      47   0.12500E+00   0.62500E+00  -0.22124E-01   0.11175E+00
      48   0.25000E+00   0.62500E+00  -0.30303E-01   0.12153E+00
      49   0.37500E+00   0.62500E+00  -0.39328E-01   0.12165E+00
      50   0.50000E+00   0.62500E+00  -0.43741E-01   0.71069E-01
      51   0.62500E+00   0.62500E+00  -0.80919E-01  -0.49683E-02
      52   0.75000E+00   0.62500E+00  -0.14208E+00  -0.17849E+00
      53   0.87500E+00   0.62500E+00  -0.73755E-01  -0.23548E+00
      54   0.10000E+01   0.62500E+00   0.00000E+00   0.00000E+00
      55   0.00000E+00   0.75000E+00   0.00000E+00   0.00000E+00
      56   0.12500E+00   0.75000E+00   0.28614E-01   0.11540E+00
      57   0.25000E+00   0.75000E+00   0.29823E-01   0.11889E+00
      58   0.37500E+00   0.75000E+00   0.77890E-01   0.10188E+00
      59   0.50000E+00   0.75000E+00   0.75362E-01   0.10147E+00
      60   0.62500E+00   0.75000E+00   0.10083E+00   0.13970E-01
      61   0.75000E+00   0.75000E+00   0.10622E-01  -0.82463E-02
      62   0.87500E+00   0.75000E+00  -0.91529E-01  -0.33731E+00
      63   0.10000E+01   0.75000E+00   0.00000E+00   0.00000E+00
      64   0.00000E+00   0.87500E+00   0.00000E+00   0.00000E+00
      65   0.12500E+00   0.87500E+00   0.43118E-01   0.48684E-01
      66   0.25000E+00   0.87500E+00   0.13767E+00   0.73147E-01
      67   0.37500E+00   0.87500E+00   0.20740E+00   0.29226E-01
      68   0.50000E+00   0.87500E+00   0.28326E+00   0.89737E-01
      69   0.62500E+00   0.87500E+00   0.31610E+00  -0.14836E-01
      70   0.75000E+00   0.87500E+00   0.33672E+00   0.92717E-01
      71   0.87500E+00   0.87500E+00   0.19102E+00  -0.19087E+00
      72   0.10000E+01   0.87500E+00   0.00000E+00   0.00000E+00
      73   0.00000E+00   0.10000E+01   0.10000E+01   0.00000E+00
      74   0.12500E+00   0.10000E+01   0.10000E+01   0.00000E+00
      75   0.25000E+00   0.10000E+01   0.10000E+01   0.00000E+00
      76   0.37500E+00   0.10000E+01   0.10000E+01   0.00000E+00
      77   0.50000E+00   0.10000E+01   0.10000E+01   0.00000E+00
      78   0.62500E+00   0.10000E+01   0.10000E+01   0.00000E+00
      79   0.75000E+00   0.10000E+01   0.10000E+01   0.00000E+00
      80   0.87500E+00   0.10000E+01   0.10000E+01   0.00000E+00
      81   0.10000E+01   0.10000E+01   0.10000E+01   0.00000E+00