       1   0.00000E+00   0.00000E+00   0.00000E+00   0.00000E+00
       2   0.12500E+00   0.00000E+00   0.00000E+00   0.00000E+00
       3   0.25000E+00   0.00000E+00   0.00000E+00   0.00000E+00
       4   0.37500E+00   0.00000E+00   0.00000E+00   0.00000E+00
       5   0.50000E+00   0.00000E+00   0.00000E+00   0.00000E+00
       6   0.62500E+00   0.00000E+00   0.00000E+00   0.00000E+00
       7   0.75000E+00   0.00000E+00   0.00000E+00   0.00000E+00
       8   0.87500E+00   0.00000E+00   0.00000E+00   0.00000E+00
       9   0.10000E+01   0.00000E+00   0.00000E+00   0.00000E+00
      10   0.00000E+00   0.12500E+00   0.00000E+00   0.00000E+00
      11   0.12500E+00   0.12500E+00  -0.56065E-02   0.56065E-02
      12   0.25000E+00   0.12500E+00  -0.17941E-01   0.67285E-02
      13   0.37500E+00   0.12500E+00  -0.31722E-01   0.70521E-02
      14   0.50000E+00   0.12500E+00  -0.36688E-01  -0.20862E-02
      15   0.62500E+00   0.12500E+00  -0.29345E-01  -0.52572E-02
      16   0.75000E+00   0.12500E+00  -0.14800E-01  -0.92878E-02
      17   0.87500E+00   0.12500E+00  -0.27558E-02  -0.27558E-02
      18   0.10000E+01   0.12500E+00   0.00000E+00   0.00000E+00
      19   0.00000E+00   0.25000E+00   0.00000E+00   0.00000E+00
      20   0.12500E+00   0.25000E+00  -0.89328E-02   0.20146E-01
      21   0.25000E+00   0.25000E+00  -0.33168E-01   0.28760E-01
      22   0.37500E+00   0.25000E+00  -0.54265E-01   0.19899E-01
      23   0.50000E+00   0.25000E+00  -0.68808E-01   0.45761E-02
      24   0.62500E+00   0.25000E+00  -0.63989E-01  -0.24082E-01
      25   0.75000E+00   0.25000E+00  -0.37871E-01  -0.31126E-01
      26   0.87500E+00   0.25000E+00  -0.12660E-01  -0.18172E-01
      27   0.10000E+01   0.25000E+00   0.00000E+00   0.00000E+00
      28   0.00000E+00   0.37500E+00   0.00000E+00   0.00000E+00
      29   0.12500E+00   0.37500E+00  -0.12647E-01   0.41725E-01
      30   0.25000E+00   0.37500E+00  -0.34515E-01   0.53283E-01
      31   0.37500E+00   0.37500E+00  -0.68297E-01   0.50254E-01
      32   0.50000E+00   0.37500E+00  -0.94406E-01   0.14874E-01
      33   0.62500E+00   0.37500E+00  -0.10324E+00  -0.30365E-01
      34   0.75000E+00   0.37500E+00  -0.78628E-01  -0.75575E-01
      35   0.87500E+00   0.37500E+00  -0.23365E-01  -0.54197E-01
      36   0.10000E+01   0.37500E+00   0.00000E+00   0.00000E+00
      37   0.00000E+00   0.50000E+00   0.00000E+00   0.00000E+00
      38   0.12500E+00   0.50000E+00  -0.53825E-02   0.59755E-01
      39   0.25000E+00   0.50000E+00  -0.29801E-01   0.81540E-01
      40   0.37500E+00   0.50000E+00  -0.50787E-01   0.76766E-01
      41   0.50000E+00   0.50000E+00  -0.91093E-01   0.54777E-01
      42   0.62500E+00   0.50000E+00  -0.12421E+00  -0.28317E-01
      43   0.75000E+00   0.50000E+00  -0.11205E+00  -0.11439E+00
      44   0.87500E+00   0.50000E+00  -0.52567E-01  -0.13013E+00
      45   0.10000E+01   0.50000E+00   0.00000E+00   0.00000E+00
      46   0.00000E+00   0.62500E+00   0.00000E+00   0.00000E+00
      47   0.12500E+00   0.62500E+00  -0.32579E-02   0.68395E-01
      48   0.25000E+00   0.62500E+00  -0.51302E-03   0.94573E-01
      49   0.37500E+00   0.62500E+00  -0.15298E-01   0.99505E-01
      50   0.50000E+00   0.62500E+00  -0.17642E-01   0.74687E-01
      51   0.62500E+00   0.62500E+00  -0.66977E-01   0.34225E-01
      52   0.75000E+00   0.62500E+00  -0.12058E+00  -0.13549E+00
      53   0.87500E+00   0.62500E+00  -0.53203E-01  -0.23590E+00
      54   0.10000E+01   0.62500E+00   0.00000E+00   0.00000E+00
      55   0.00000E+00   0.75000E+00   0.00000E+00   0.00000E+00
      56   0.12500E+00   0.75000E+00  -0.62443E-02   0.77897E-01
      57   0.25000E+00   0.75000E+00  -0.11608E-01   0.87689E-01
      58   0.37500E+00   0.75000E+00   0.31704E-01   0.77861E-01
      59   0.50000E+00   0.75000E+00   0.46995E-01   0.83385E-01
      60   0.62500E+00   0.75000E+00   0.87992E-01   0.33867E-01
      61   0.75000E+00   0.75000E+00   0.14656E-01  -0.81880E-02
      62   0.87500E+00   0.75000E+00  -0.63409E-01  -0.35251E+00
      63   0.10000E+01   0.75000E+00   0.00000E+00   0.00000E+00
      64   0.00000E+00   0.87500E+00   0.00000E+00   0.00000E+00
      65   0.12500E+00   0.87500E+00   0.42071E-01   0.42071E-01
      66   0.25000E+00   0.87500E+00   0.12755E+00   0.43404E-01
      67   0.37500E+00   0.87500E+00   0.18866E+00   0.17714E-01
      68   0.50000E+00   0.87500E+00   0.26164E+00   0.55263E-01
      69   0.62500E+00   0.87500E+00   0.29977E+00  -0.17136E-01
      70   0.75000E+00   0.87500E+00   0.34928E+00   0.66643E-01
      71   0.87500E+00   0.87500E+00   0.20796E+00  -0.20796E+00
      72   0.10000E+01   0.87500E+00   0.00000E+00   0.00000E+00
      73   0.00000E+00   0.10000E+01   0.10000E+01   0.00000E+00
      74   0.12500E+00   0.10000E+01   0.10000E+01   0.00000E+00
      75   0.25000E+00   0.10000E+01   0.10000E+01   0.00000E+00
      76   0.37500E+00   0.10000E+01   0.10000E+01   0.00000E+00
      77   0.50000E+00   0.10000E+01   0.10000E+01   0.00000E+00
      78   0.62500E+00   0.10000E+01   0.10000E+01   0.00000E+00
      79   0.75000E+00   0.10000E+01   0.10000E+01   0.00000E+00
      80   0.87500E+00   0.10000E+01   0.10000E+01   0.00000E+00
      81   0.10000E+01   0.10000E+01   0.10000E+01   0.00000E+00