       1   0.00000E+00   0.00000E+00   0.00000E+00   0.00000E+00
       2   0.12500E+00   0.00000E+00   0.00000E+00   0.00000E+00
       3   0.25000E+00   0.00000E+00   0.00000E+00   0.00000E+00
       4   0.37500E+00   0.00000E+00   0.00000E+00   0.00000E+00
       5   0.50000E+00   0.00000E+00   0.00000E+00   0.00000E+00
       6   0.62500E+00   0.00000E+00   0.00000E+00   0.00000E+00
       7   0.75000E+00   0.00000E+00   0.00000E+00   0.00000E+00
       8   0.87500E+00   0.00000E+00   0.00000E+00   0.00000E+00
       9   0.10000E+01   0.00000E+00   0.00000E+00   0.00000E+00
      10   0.00000E+00   0.12500E+00   0.00000E+00   0.00000E+00
      11   0.12500E+00   0.12500E+00  -0.41332E-02   0.41332E-02
      12   0.25000E+00   0.12500E+00  -0.11629E-01   0.33624E-02
      13   0.37500E+00   0.12500E+00  -0.21338E-01   0.63467E-02
      14   0.50000E+00   0.12500E+00  -0.23885E-01  -0.37998E-02
      15   0.62500E+00   0.12500E+00  -0.17350E-01  -0.27346E-02
      16   0.75000E+00   0.12500E+00  -0.75978E-02  -0.70180E-02
      17   0.87500E+00   0.12500E+00  -0.28994E-03  -0.28994E-03
      18   0.10000E+01   0.12500E+00   0.00000E+00   0.00000E+00
      19   0.00000E+00   0.25000E+00   0.00000E+00   0.00000E+00
      20   0.12500E+00   0.25000E+00  -0.48869E-02   0.13153E-01
      21   0.25000E+00   0.25000E+00  -0.24160E-01   0.21111E-01
      22   0.37500E+00   0.25000E+00  -0.38025E-01   0.12173E-01
      23   0.50000E+00   0.25000E+00  -0.50189E-01   0.50838E-02
      24   0.62500E+00   0.25000E+00  -0.48228E-01  -0.20113E-01
      25   0.75000E+00   0.25000E+00  -0.26797E-01  -0.20823E-01
      26   0.87500E+00   0.25000E+00  -0.10005E-01  -0.10585E-01
      27   0.10000E+01   0.25000E+00   0.00000E+00   0.00000E+00
      28   0.00000E+00   0.37500E+00   0.00000E+00   0.00000E+00
      29   0.12500E+00   0.37500E+00  -0.10957E-01   0.28998E-01
      30   0.25000E+00   0.37500E+00  -0.21967E-01   0.35549E-01
      31   0.37500E+00   0.37500E+00  -0.51190E-01   0.40823E-01
      32   0.50000E+00   0.37500E+00  -0.73311E-01   0.10717E-01
      33   0.62500E+00   0.37500E+00  -0.82437E-01  -0.18582E-01
      34   0.75000E+00   0.37500E+00  -0.67147E-01  -0.59076E-01
      35   0.87500E+00   0.37500E+00  -0.17840E-01  -0.38430E-01
      36   0.10000E+01   0.37500E+00   0.00000E+00   0.00000E+00
      37   0.00000E+00   0.50000E+00   0.00000E+00   0.00000E+00
      38   0.12500E+00   0.50000E+00   0.63808E-03   0.39317E-01
      39   0.25000E+00   0.50000E+00  -0.23966E-01   0.60844E-01
      40   0.37500E+00   0.50000E+00  -0.34627E-01   0.55414E-01
      41   0.50000E+00   0.50000E+00  -0.69561E-01   0.53182E-01
      42   0.62500E+00   0.50000E+00  -0.10137E+00  -0.20108E-01
      43   0.75000E+00   0.50000E+00  -0.89833E-01  -0.84380E-01
      44   0.87500E+00   0.50000E+00  -0.47997E-01  -0.10427E+00
      45   0.10000E+01   0.50000E+00   0.00000E+00   0.00000E+00
      46   0.00000E+00   0.62500E+00   0.00000E+00   0.00000E+00
      47   0.12500E+00   0.62500E+00  -0.72459E-02   0.45925E-01
      48   0.25000E+00   0.62500E+00   0.12642E-01   0.58951E-01
      49   0.37500E+00   0.62500E+00  -0.20714E-02   0.82681E-01
      50   0.50000E+00   0.62500E+00   0.42811E-02   0.54496E-01
      51   0.62500E+00   0.62500E+00  -0.34599E-01   0.49270E-01
      52   0.75000E+00   0.62500E+00  -0.99228E-01  -0.10067E+00
      53   0.87500E+00   0.62500E+00  -0.38389E-01  -0.19065E+00
      54   0.10000E+01   0.62500E+00   0.00000E+00   0.00000E+00
      55   0.00000E+00   0.75000E+00   0.00000E+00   0.00000E+00
      56   0.12500E+00   0.75000E+00   0.14670E-01   0.38500E-01
      57   0.25000E+00   0.75000E+00  -0.73496E-02   0.68507E-01
      58   0.37500E+00   0.75000E+00   0.36537E-01   0.43952E-01
      59   0.50000E+00   0.75000E+00   0.41437E-01   0.81972E-01
      60   0.62500E+00   0.75000E+00   0.85275E-01   0.16835E-01
      61   0.75000E+00   0.75000E+00   0.34289E-01   0.47382E-01
      62   0.87500E+00   0.75000E+00  -0.68107E-01  -0.29715E+00
      63   0.10000E+01   0.75000E+00   0.00000E+00   0.00000E+00
      64   0.00000E+00   0.87500E+00   0.00000E+00   0.00000E+00
      65   0.12500E+00   0.87500E+00   0.11915E-01   0.11915E-01
      66   0.25000E+00   0.87500E+00   0.76429E-01   0.52598E-01
      67   0.37500E+00   0.87500E+00   0.11071E+00  -0.18312E-01
      68   0.50000E+00   0.87500E+00   0.17123E+00   0.78825E-01
      69   0.62500E+00   0.87500E+00   0.19871E+00  -0.51340E-01
      70   0.75000E+00   0.87500E+00   0.25631E+00   0.10894E+00
      71   0.87500E+00   0.87500E+00   0.18263E+00  -0.18263E+00
      72   0.10000E+01   0.87500E+00   0.00000E+00   0.00000E+00
      73   0.00000E+00   0.10000E+01   0.10000E+01   0.00000E+00
      74   0.12500E+00   0.10000E+01   0.10000E+01   0.00000E+00
      75   0.25000E+00   0.10000E+01   0.10000E+01   0.00000E+00
      76   0.37500E+00   0.10000E+01   0.10000E+01   0.00000E+00
      77   0.50000E+00   0.10000E+01   0.10000E+01   0.00000E+00
      78   0.62500E+00   0.10000E+01   0.10000E+01   0.00000E+00
      79   0.75000E+00   0.10000E+01   0.10000E+01   0.00000E+00
      80   0.87500E+00   0.10000E+01   0.10000E+01   0.00000E+00
      81   0.10000E+01   0.10000E+01   0.10000E+01   0.00000E+00