       1   0.00000E+00   0.00000E+00   0.00000E+00   0.00000E+00
       2   0.12500E+00   0.00000E+00   0.00000E+00   0.00000E+00
       3   0.25000E+00   0.00000E+00   0.00000E+00   0.00000E+00
       4   0.37500E+00   0.00000E+00   0.00000E+00   0.00000E+00
       5   0.50000E+00   0.00000E+00   0.00000E+00   0.00000E+00
       6   0.62500E+00   0.00000E+00   0.00000E+00   0.00000E+00
       7   0.75000E+00   0.00000E+00   0.00000E+00   0.00000E+00
       8   0.87500E+00   0.00000E+00   0.00000E+00   0.00000E+00
       9   0.10000E+01   0.00000E+00   0.00000E+00   0.00000E+00
      10   0.00000E+00   0.12500E+00   0.00000E+00   0.00000E+00
      11   0.12500E+00   0.12500E+00  -0.17144E-02   0.14646E-02
      12   0.25000E+00   0.12500E+00  -0.62036E-02  -0.19600E-03
      13   0.37500E+00   0.12500E+00  -0.12130E-01   0.33955E-02
      14   0.50000E+00   0.12500E+00  -0.13070E-01  -0.59167E-02
      15   0.62500E+00   0.12500E+00  -0.76326E-02  -0.13203E-02
      16   0.75000E+00   0.12500E+00  -0.11509E-02  -0.40248E-02
      17   0.87500E+00   0.12500E+00   0.10524E-02   0.15289E-02
      18   0.10000E+01   0.12500E+00   0.00000E+00   0.00000E+00
      19   0.00000E+00   0.25000E+00   0.00000E+00   0.00000E+00
      20   0.12500E+00   0.25000E+00  -0.18022E-02   0.72027E-02
      21   0.25000E+00   0.25000E+00  -0.26979E-01   0.22983E-01
      22   0.37500E+00   0.25000E+00  -0.42291E-01   0.58914E-02
      23   0.50000E+00   0.25000E+00  -0.52034E-01   0.59727E-02
      24   0.62500E+00   0.25000E+00  -0.44654E-01  -0.19542E-01
      25   0.75000E+00   0.25000E+00  -0.17570E-01  -0.99464E-02
      26   0.87500E+00   0.25000E+00  -0.78368E-02  -0.30570E-02
      27   0.10000E+01   0.25000E+00   0.00000E+00   0.00000E+00
      28   0.00000E+00   0.37500E+00   0.00000E+00   0.00000E+00
      29   0.12500E+00   0.37500E+00  -0.24596E-01   0.37085E-01
      30   0.25000E+00   0.37500E+00  -0.51819E-01   0.35181E-01
      31   0.37500E+00   0.37500E+00  -0.86975E-01   0.36971E-01
      32   0.50000E+00   0.37500E+00  -0.11330E+00  -0.27354E-02
      33   0.62500E+00   0.37500E+00  -0.11005E+00  -0.33425E-01
      34   0.75000E+00   0.37500E+00  -0.75806E-01  -0.61041E-01
      35   0.87500E+00   0.37500E+00  -0.19302E-01  -0.26333E-01
      36   0.10000E+01   0.37500E+00   0.00000E+00   0.00000E+00
      37   0.00000E+00   0.50000E+00   0.00000E+00   0.00000E+00
      38   0.12500E+00   0.50000E+00   0.21078E-01   0.54973E-01
      39   0.25000E+00   0.50000E+00  -0.22541E-01   0.88702E-01
      40   0.37500E+00   0.50000E+00  -0.62013E-01   0.69569E-01
      41   0.50000E+00   0.50000E+00  -0.12840E+00   0.62362E-01
      42   0.62500E+00   0.50000E+00  -0.16902E+00  -0.57264E-01
      43   0.75000E+00   0.50000E+00  -0.11750E+00  -0.11077E+00
      44   0.87500E+00   0.50000E+00  -0.58485E-01  -0.87425E-01
      45   0.10000E+01   0.50000E+00   0.00000E+00   0.00000E+00
      46   0.00000E+00   0.62500E+00   0.00000E+00   0.00000E+00
      47   0.12500E+00   0.62500E+00  -0.33680E-01   0.84387E-01
      48   0.25000E+00   0.62500E+00  -0.37582E-01   0.88298E-01
      49   0.37500E+00   0.62500E+00  -0.51229E-01   0.11385E+00
      50   0.50000E+00   0.62500E+00  -0.49385E-01   0.53715E-01
      51   0.62500E+00   0.62500E+00  -0.72239E-01  -0.81918E-02
      52   0.75000E+00   0.62500E+00  -0.13640E+00  -0.15668E+00
      53   0.87500E+00   0.62500E+00  -0.66223E-01  -0.18271E+00
      54   0.10000E+01   0.62500E+00   0.00000E+00   0.00000E+00
      55   0.00000E+00   0.75000E+00   0.00000E+00   0.00000E+00
      56   0.12500E+00   0.75000E+00   0.71671E-01   0.78731E-01
      57   0.25000E+00   0.75000E+00   0.55653E-01   0.11089E+00
      58   0.37500E+00   0.75000E+00   0.10999E+00   0.80425E-01
      59   0.50000E+00   0.75000E+00   0.10422E+00   0.10125E+00
      60   0.62500E+00   0.75000E+00   0.11352E+00  -0.14638E-02
      61   0.75000E+00   0.75000E+00   0.29450E-01   0.39098E-01
      62   0.87500E+00   0.75000E+00  -0.10586E+00  -0.28331E+00
      63   0.10000E+01   0.75000E+00   0.00000E+00   0.00000E+00
      64   0.00000E+00   0.87500E+00   0.00000E+00   0.00000E+00
      65   0.12500E+00   0.87500E+00   0.14517E-01   0.17969E-01
      66   0.25000E+00   0.87500E+00   0.92539E-01   0.99287E-01
      67   0.37500E+00   0.87500E+00   0.14749E+00   0.16701E-02
      68   0.50000E+00   0.87500E+00   0.21386E+00   0.12452E+00
      69   0.62500E+00   0.87500E+00   0.24000E+00  -0.35332E-01
      70   0.75000E+00   0.87500E+00   0.26617E+00   0.14013E+00
      71   0.87500E+00   0.87500E+00   0.17056E+00  -0.16628E+00
      72   0.10000E+01   0.87500E+00   0.00000E+00   0.00000E+00
      73   0.00000E+00   0.10000E+01   0.10000E+01   0.00000E+00
      74   0.12500E+00   0.10000E+01   0.10000E+01   0.00000E+00
      75   0.25000E+00   0.10000E+01   0.10000E+01   0.00000E+00
      76   0.37500E+00   0.10000E+01   0.10000E+01   0.00000E+00
      77   0.50000E+00   0.10000E+01   0.10000E+01   0.00000E+00
      78   0.62500E+00   0.10000E+01   0.10000E+01   0.00000E+00
      79   0.75000E+00   0.10000E+01   0.10000E+01   0.00000E+00
      80   0.87500E+00   0.10000E+01   0.10000E+01   0.00000E+00
      81   0.10000E+01   0.10000E+01   0.10000E+01   0.00000E+00