       1   0.00000E+00   0.00000E+00   0.00000E+00   0.00000E+00
       2   0.12500E+00   0.00000E+00   0.00000E+00   0.00000E+00
       3   0.25000E+00   0.00000E+00   0.00000E+00   0.00000E+00
       4   0.37500E+00   0.00000E+00   0.00000E+00   0.00000E+00
       5   0.50000E+00   0.00000E+00   0.00000E+00   0.00000E+00
       6   0.62500E+00   0.00000E+00   0.00000E+00   0.00000E+00
       7   0.75000E+00   0.00000E+00   0.00000E+00   0.00000E+00
       8   0.87500E+00   0.00000E+00   0.00000E+00   0.00000E+00
       9   0.10000E+01   0.00000E+00   0.00000E+00   0.00000E+00
      10   0.00000E+00   0.12500E+00   0.00000E+00   0.00000E+00
      11   0.12500E+00   0.12500E+00  -0.28325E-02   0.28325E-02
      12   0.25000E+00   0.12500E+00  -0.64068E-02   0.74183E-03
      13   0.37500E+00   0.12500E+00  -0.12304E-01   0.51558E-02
      14   0.50000E+00   0.12500E+00  -0.12813E-01  -0.46471E-02
      15   0.62500E+00   0.12500E+00  -0.77881E-02  -0.37786E-03
      16   0.75000E+00   0.12500E+00  -0.26542E-02  -0.47560E-02
      17   0.87500E+00   0.12500E+00   0.10509E-02   0.10509E-02
      18   0.10000E+01   0.12500E+00   0.00000E+00   0.00000E+00
      19   0.00000E+00   0.25000E+00   0.00000E+00   0.00000E+00
      20   0.12500E+00   0.25000E+00  -0.17434E-02   0.74084E-02
      21   0.25000E+00   0.25000E+00  -0.16168E-01   0.14165E-01
      22   0.37500E+00   0.25000E+00  -0.23604E-01   0.50667E-02
      23   0.50000E+00   0.25000E+00  -0.31995E-01   0.43416E-02
      24   0.62500E+00   0.25000E+00  -0.31221E-01  -0.15166E-01
      25   0.75000E+00   0.25000E+00  -0.15360E-01  -0.10962E-01
      26   0.87500E+00   0.25000E+00  -0.69550E-02  -0.48532E-02
      27   0.10000E+01   0.25000E+00   0.00000E+00   0.00000E+00
      28   0.00000E+00   0.37500E+00   0.00000E+00   0.00000E+00
      29   0.12500E+00   0.37500E+00  -0.93716E-02   0.18523E-01
      30   0.25000E+00   0.37500E+00  -0.12796E-01   0.20899E-01
      31   0.37500E+00   0.37500E+00  -0.36830E-01   0.29802E-01
      32   0.50000E+00   0.37500E+00  -0.53299E-01   0.44671E-02
      33   0.62500E+00   0.37500E+00  -0.59312E-01  -0.10054E-01
      34   0.75000E+00   0.37500E+00  -0.50321E-01  -0.40926E-01
      35   0.87500E+00   0.37500E+00  -0.10903E-01  -0.22712E-01
      36   0.10000E+01   0.37500E+00   0.00000E+00   0.00000E+00
      37   0.00000E+00   0.50000E+00   0.00000E+00   0.00000E+00
      38   0.12500E+00   0.50000E+00   0.41180E-02   0.23777E-01
      39   0.25000E+00   0.50000E+00  -0.20459E-01   0.43647E-01
      40   0.37500E+00   0.50000E+00  -0.25638E-01   0.36266E-01
      41   0.50000E+00   0.50000E+00  -0.56939E-01   0.45773E-01
      42   0.62500E+00   0.50000E+00  -0.85103E-01  -0.17183E-01
      43   0.75000E+00   0.50000E+00  -0.69614E-01  -0.58277E-01
      44   0.87500E+00   0.50000E+00  -0.40389E-01  -0.74004E-01
      45   0.10000E+01   0.50000E+00   0.00000E+00   0.00000E+00
      46   0.00000E+00   0.62500E+00   0.00000E+00   0.00000E+00
      47   0.12500E+00   0.62500E+00  -0.12199E-01   0.31858E-01
      48   0.25000E+00   0.62500E+00   0.14023E-01   0.33920E-01
      49   0.37500E+00   0.62500E+00  -0.32914E-02   0.68488E-01
      50   0.50000E+00   0.62500E+00   0.20382E-02   0.39523E-01
      51   0.62500E+00   0.62500E+00  -0.30939E-01   0.50208E-01
      52   0.75000E+00   0.62500E+00  -0.90545E-01  -0.81551E-01
      53   0.87500E+00   0.62500E+00  -0.28054E-01  -0.14245E+00
      54   0.10000E+01   0.62500E+00   0.00000E+00   0.00000E+00
      55   0.00000E+00   0.75000E+00   0.00000E+00   0.00000E+00
      56   0.12500E+00   0.75000E+00   0.27822E-01   0.16236E-01
      57   0.25000E+00   0.75000E+00  -0.72541E-02   0.58395E-01
      58   0.37500E+00   0.75000E+00   0.29975E-01   0.24098E-01
      59   0.50000E+00   0.75000E+00   0.32276E-01   0.76282E-01
      60   0.62500E+00   0.75000E+00   0.71834E-01   0.68691E-02
      61   0.75000E+00   0.75000E+00   0.35083E-01   0.58145E-01
      62   0.87500E+00   0.75000E+00  -0.69526E-01  -0.24003E+00
      63   0.10000E+01   0.75000E+00   0.00000E+00   0.00000E+00
      64   0.00000E+00   0.87500E+00   0.00000E+00   0.00000E+00
      65   0.12500E+00   0.87500E+00  -0.57928E-02  -0.57929E-02
      66   0.25000E+00   0.87500E+00   0.49061E-01   0.60646E-01
      67   0.37500E+00   0.87500E+00   0.71693E-01  -0.38014E-01
      68   0.50000E+00   0.87500E+00   0.12073E+00   0.87054E-01
      69   0.62500E+00   0.87500E+00   0.14253E+00  -0.65257E-01
      70   0.75000E+00   0.87500E+00   0.19341E+00   0.11614E+00
      71   0.87500E+00   0.87500E+00   0.15478E+00  -0.15478E+00
      72   0.10000E+01   0.87500E+00   0.00000E+00   0.00000E+00
      73   0.00000E+00   0.10000E+01   0.10000E+01   0.00000E+00
      74   0.12500E+00   0.10000E+01   0.10000E+01   0.00000E+00
      75   0.25000E+00   0.10000E+01   0.10000E+01   0.00000E+00
      76   0.37500E+00   0.10000E+01   0.10000E+01   0.00000E+00
      77   0.50000E+00   0.10000E+01   0.10000E+01   0.00000E+00
      78   0.62500E+00   0.10000E+01   0.10000E+01   0.00000E+00
      79   0.75000E+00   0.10000E+01   0.10000E+01   0.00000E+00
      80   0.87500E+00   0.10000E+01   0.10000E+01   0.00000E+00
      81   0.10000E+01   0.10000E+01   0.10000E+01   0.00000E+00