       1   0.00000E+00   0.00000E+00   0.00000E+00   0.00000E+00
       2   0.12500E+00   0.00000E+00   0.00000E+00   0.00000E+00
       3   0.25000E+00   0.00000E+00   0.00000E+00   0.00000E+00
       4   0.37500E+00   0.00000E+00   0.00000E+00   0.00000E+00
       5   0.50000E+00   0.00000E+00   0.00000E+00   0.00000E+00
       6   0.62500E+00   0.00000E+00   0.00000E+00   0.00000E+00
       7   0.75000E+00   0.00000E+00   0.00000E+00   0.00000E+00
       8   0.87500E+00   0.00000E+00   0.00000E+00   0.00000E+00
       9   0.10000E+01   0.00000E+00   0.00000E+00   0.00000E+00
      10   0.00000E+00   0.12500E+00   0.00000E+00   0.00000E+00
      11   0.12500E+00   0.12500E+00   0.15934E-02  -0.20914E-02
      12   0.25000E+00   0.12500E+00   0.66449E-02  -0.74760E-02
      13   0.37500E+00   0.12500E+00   0.11702E-01  -0.22992E-04
      14   0.50000E+00   0.12500E+00   0.14636E-01  -0.54255E-02
      15   0.62500E+00   0.12500E+00   0.12732E-01   0.52969E-02
      16   0.75000E+00   0.12500E+00   0.77936E-02  -0.14865E-03
      17   0.87500E+00   0.12500E+00   0.30475E-02   0.33426E-02
      18   0.10000E+01   0.12500E+00   0.00000E+00   0.00000E+00
      19   0.00000E+00   0.25000E+00   0.00000E+00   0.00000E+00
      20   0.12500E+00   0.25000E+00   0.34916E-02  -0.46527E-02
      21   0.25000E+00   0.25000E+00  -0.10207E-01   0.22388E-02
      22   0.37500E+00   0.25000E+00  -0.18869E-02  -0.14296E-01
      23   0.50000E+00   0.25000E+00   0.17490E-02   0.11024E-01
      24   0.62500E+00   0.25000E+00   0.19087E-02  -0.13879E-02
      25   0.75000E+00   0.25000E+00   0.94619E-02   0.14185E-01
      26   0.87500E+00   0.25000E+00  -0.25100E-02   0.66130E-02
      27   0.10000E+01   0.25000E+00   0.00000E+00   0.00000E+00
      28   0.00000E+00   0.37500E+00   0.00000E+00   0.00000E+00
      29   0.12500E+00   0.37500E+00  -0.10286E-01   0.69090E-02
      30   0.25000E+00   0.37500E+00  -0.14671E-01  -0.47652E-02
      31   0.37500E+00   0.37500E+00  -0.39548E-01   0.17008E-02
      32   0.50000E+00   0.37500E+00  -0.48053E-01  -0.18431E-01
      33   0.62500E+00   0.37500E+00  -0.33350E-01  -0.22535E-02
      34   0.75000E+00   0.37500E+00  -0.20405E-01  -0.33700E-02
      35   0.87500E+00   0.37500E+00   0.54584E-04   0.69269E-02
      36   0.10000E+01   0.37500E+00   0.00000E+00   0.00000E+00
      37   0.00000E+00   0.50000E+00   0.00000E+00   0.00000E+00
      38   0.12500E+00   0.50000E+00   0.34664E-01   0.30379E-02
      39   0.25000E+00   0.50000E+00  -0.11434E-01   0.51803E-01
      40   0.37500E+00   0.50000E+00  -0.46434E-01   0.21212E-01
      41   0.50000E+00   0.50000E+00  -0.10859E+00   0.38161E-01
      42   0.62500E+00   0.50000E+00  -0.12682E+00  -0.43219E-01
      43   0.75000E+00   0.50000E+00  -0.50738E-01  -0.21787E-01
      44   0.87500E+00   0.50000E+00  -0.32179E-01  -0.15119E-01
      45   0.10000E+01   0.50000E+00   0.00000E+00   0.00000E+00
      46   0.00000E+00   0.62500E+00   0.00000E+00   0.00000E+00
      47   0.12500E+00   0.62500E+00  -0.53167E-01   0.43775E-01
      48   0.25000E+00   0.62500E+00  -0.65455E-01   0.44513E-01
      49   0.37500E+00   0.62500E+00  -0.86964E-01   0.71354E-01
      50   0.50000E+00   0.62500E+00  -0.90070E-01   0.18819E-01
      51   0.62500E+00   0.62500E+00  -0.11515E+00  -0.52983E-02
      52   0.75000E+00   0.62500E+00  -0.15701E+00  -0.11234E+00
      53   0.87500E+00   0.62500E+00  -0.57260E-01  -0.85325E-01
      54   0.10000E+01   0.62500E+00   0.00000E+00   0.00000E+00
      55   0.00000E+00   0.75000E+00   0.00000E+00   0.00000E+00
      56   0.12500E+00   0.75000E+00   0.81169E-01   0.54603E-01
      57   0.25000E+00   0.75000E+00   0.41816E-01   0.76983E-01
      58   0.37500E+00   0.75000E+00   0.78784E-01   0.51858E-01
      59   0.50000E+00   0.75000E+00   0.54861E-01   0.72967E-01
      60   0.62500E+00   0.75000E+00   0.60346E-01   0.11446E-02
      61   0.75000E+00   0.75000E+00  -0.24252E-01   0.54976E-01
      62   0.87500E+00   0.75000E+00  -0.14787E+00  -0.21007E+00
      63   0.10000E+01   0.75000E+00   0.00000E+00   0.00000E+00
      64   0.00000E+00   0.87500E+00   0.00000E+00   0.00000E+00
      65   0.12500E+00   0.87500E+00   0.21976E-02   0.43955E-02
      66   0.25000E+00   0.87500E+00   0.63394E-01   0.98753E-01
      67   0.37500E+00   0.87500E+00   0.99578E-01  -0.14259E-01
      68   0.50000E+00   0.87500E+00   0.14948E+00   0.12719E+00
      69   0.62500E+00   0.87500E+00   0.16805E+00  -0.41207E-01
      70   0.75000E+00   0.87500E+00   0.20239E+00   0.16324E+00
      71   0.87500E+00   0.87500E+00   0.14544E+00  -0.14352E+00
      72   0.10000E+01   0.87500E+00   0.00000E+00   0.00000E+00
      73   0.00000E+00   0.10000E+01   0.10000E+01   0.00000E+00
      74   0.12500E+00   0.10000E+01   0.10000E+01   0.00000E+00
      75   0.25000E+00   0.10000E+01   0.10000E+01   0.00000E+00
      76   0.37500E+00   0.10000E+01   0.10000E+01   0.00000E+00
      77   0.50000E+00   0.10000E+01   0.10000E+01   0.00000E+00
      78   0.62500E+00   0.10000E+01   0.10000E+01   0.00000E+00
      79   0.75000E+00   0.10000E+01   0.10000E+01   0.00000E+00
      80   0.87500E+00   0.10000E+01   0.10000E+01   0.00000E+00
      81   0.10000E+01   0.10000E+01   0.10000E+01   0.00000E+00