       1   0.00000E+00   0.00000E+00   0.18725E+00
       2   0.12500E+00   0.00000E+00   0.18535E+00
       3   0.25000E+00   0.00000E+00   0.17946E+00
       4   0.37500E+00   0.00000E+00   0.16898E+00
       5   0.50000E+00   0.00000E+00   0.15293E+00
       6   0.62500E+00   0.00000E+00   0.12993E+00
       7   0.75000E+00   0.00000E+00   0.98209E-01
       8   0.87500E+00   0.00000E+00   0.55679E-01
       9   0.10000E+01   0.00000E+00   0.00000E+00
       1   0.00000E+00   0.00000E+00   0.25952E+00
       2   0.12500E+00   0.00000E+00   0.25628E+00
       3   0.25000E+00   0.00000E+00   0.24641E+00
       4   0.37500E+00   0.00000E+00   0.22942E+00
       5   0.50000E+00   0.00000E+00   0.20453E+00
       6   0.62500E+00   0.00000E+00   0.17062E+00
       7   0.75000E+00   0.00000E+00   0.12632E+00
       8   0.87500E+00   0.00000E+00   0.70043E-01
       9   0.10000E+01   0.00000E+00   0.00000E+00
       1   0.00000E+00   0.00000E+00   0.29164E+00
       2   0.12500E+00   0.00000E+00   0.28779E+00
       3   0.25000E+00   0.00000E+00   0.27610E+00
       4   0.37500E+00   0.00000E+00   0.25614E+00
       5   0.50000E+00   0.00000E+00   0.22725E+00
       6   0.62500E+00   0.00000E+00   0.18847E+00
       7   0.75000E+00   0.00000E+00   0.13863E+00
       8   0.87500E+00   0.00000E+00   0.76315E-01
       9   0.10000E+01   0.00000E+00   0.00000E+00
       1   0.00000E+00   0.00000E+00   0.29429E+00
       2   0.12500E+00   0.00000E+00   0.29039E+00
       3   0.25000E+00   0.00000E+00   0.27854E+00
       4   0.37500E+00   0.00000E+00   0.25834E+00
       5   0.50000E+00   0.00000E+00   0.22912E+00
       6   0.62500E+00   0.00000E+00   0.18994E+00
       7   0.75000E+00   0.00000E+00   0.13964E+00
       8   0.87500E+00   0.00000E+00   0.76831E-01
       9   0.10000E+01   0.00000E+00   0.00000E+00