       1   0.00000E+00   0.00000E+00   0.20062E+00
       2   0.12500E+00   0.00000E+00   0.19851E+00
       3   0.25000E+00   0.00000E+00   0.19200E+00
       4   0.37500E+00   0.00000E+00   0.18048E+00
       5   0.50000E+00   0.00000E+00   0.16292E+00
       6   0.62500E+00   0.00000E+00   0.13783E+00
       7   0.75000E+00   0.00000E+00   0.10355E+00
       8   0.87500E+00   0.00000E+00   0.58920E-01
       9   0.10000E+01   0.00000E+00   0.00000E+00
       1   0.00000E+00   0.00000E+00   0.26822E+00
       2   0.12500E+00   0.00000E+00   0.26482E+00
       3   0.25000E+00   0.00000E+00   0.25446E+00
       4   0.37500E+00   0.00000E+00   0.23667E+00
       5   0.50000E+00   0.00000E+00   0.21068E+00
       6   0.62500E+00   0.00000E+00   0.17543E+00
       7   0.75000E+00   0.00000E+00   0.12976E+00
       8   0.87500E+00   0.00000E+00   0.71646E-01
       9   0.10000E+01   0.00000E+00   0.00000E+00
       1   0.00000E+00   0.00000E+00   0.29332E+00
       2   0.12500E+00   0.00000E+00   0.28944E+00
       3   0.25000E+00   0.00000E+00   0.27765E+00
       4   0.37500E+00   0.00000E+00   0.25754E+00
       5   0.50000E+00   0.00000E+00   0.22845E+00
       6   0.62500E+00   0.00000E+00   0.18939E+00
       7   0.75000E+00   0.00000E+00   0.13929E+00
       8   0.87500E+00   0.00000E+00   0.76628E-01
       9   0.10000E+01   0.00000E+00   0.00000E+00
       1   0.00000E+00   0.00000E+00   0.29494E+00
       2   0.12500E+00   0.00000E+00   0.29103E+00
       3   0.25000E+00   0.00000E+00   0.27914E+00
       4   0.37500E+00   0.00000E+00   0.25889E+00
       5   0.50000E+00   0.00000E+00   0.22958E+00
       6   0.62500E+00   0.00000E+00   0.19031E+00
       7   0.75000E+00   0.00000E+00   0.13988E+00
       8   0.87500E+00   0.00000E+00   0.76965E-01
       9   0.10000E+01   0.00000E+00   0.00000E+00
