   0.2642E-01   0.2642E-01  -0.2621E+02  -0.2630E+02  -0.4624E-02   0.2626E+02
   0.2642E-01   0.9858E-01  -0.2752E+02  -0.2744E+02  -0.3248E-01   0.2748E+02
   0.9858E-01   0.2642E-01  -0.2705E+02  -0.2706E+02   0.3248E-01   0.2705E+02
   0.9858E-01   0.9858E-01  -0.2659E+02  -0.2591E+02  -0.6440E-01   0.2625E+02
   0.1514E+00   0.2642E-01  -0.2579E+02  -0.2553E+02  -0.4873E-01   0.2566E+02
   0.1514E+00   0.9858E-01  -0.2761E+02  -0.2620E+02  -0.3064E+00   0.2690E+02
   0.2236E+00   0.2642E-01  -0.2625E+02  -0.2565E+02  -0.3550E+00   0.2595E+02
   0.2236E+00   0.9858E-01  -0.2634E+02  -0.2401E+02  -0.7264E+00   0.2518E+02
   0.2764E+00   0.2642E-01  -0.2473E+02  -0.2384E+02  -0.7180E+00   0.2429E+02
   0.2764E+00   0.9858E-01  -0.2665E+02  -0.2383E+02  -0.1110E+01   0.2524E+02
   0.3486E+00   0.2642E-01  -0.2483E+02  -0.2379E+02  -0.1349E+01   0.2431E+02
   0.3486E+00   0.9858E-01  -0.2394E+02  -0.2121E+02  -0.1591E+01   0.2257E+02
   0.4014E+00   0.2642E-01  -0.2305E+02  -0.2216E+02  -0.1827E+01   0.2261E+02
   0.4014E+00   0.9858E-01  -0.2315E+02  -0.2107E+02  -0.1829E+01   0.2211E+02
   0.4736E+00   0.2642E-01  -0.2371E+02  -0.2340E+02  -0.2222E+01   0.2355E+02
   0.4736E+00   0.9858E-01  -0.2057E+02  -0.1987E+02  -0.2024E+01   0.2022E+02
   0.5264E+00   0.2642E-01  -0.2312E+02  -0.2346E+02  -0.2221E+01   0.2329E+02
   0.5264E+00   0.9858E-01  -0.2137E+02  -0.2195E+02  -0.2080E+01   0.2166E+02
   0.5986E+00   0.2642E-01  -0.2534E+02  -0.2641E+02  -0.1802E+01   0.2587E+02
   0.5986E+00   0.9858E-01  -0.2125E+02  -0.2351E+02  -0.2050E+01   0.2238E+02
   0.6514E+00   0.2642E-01  -0.2497E+02  -0.2629E+02  -0.1200E+01   0.2563E+02
   0.6514E+00   0.9858E-01  -0.2317E+02  -0.2638E+02  -0.1801E+01   0.2477E+02
   0.7236E+00   0.2642E-01  -0.2557E+02  -0.2665E+02  -0.4254E+00   0.2611E+02
   0.7236E+00   0.9858E-01  -0.2212E+02  -0.2553E+02  -0.1226E+01   0.2382E+02
   0.7764E+00   0.2642E-01  -0.2350E+02  -0.2409E+02   0.3722E-02   0.2380E+02
   0.7764E+00   0.9858E-01  -0.2281E+02  -0.2540E+02  -0.6482E+00   0.2411E+02
   0.8486E+00   0.2642E-01  -0.2338E+02  -0.2339E+02   0.2342E+00   0.2338E+02
   0.8486E+00   0.9858E-01  -0.2137E+02  -0.2241E+02  -0.1904E+00   0.2189E+02
   0.9014E+00   0.2642E-01  -0.2181E+02  -0.2151E+02   0.1705E+00   0.2166E+02
   0.9014E+00   0.9858E-01  -0.2250E+02  -0.2250E+02  -0.2256E-01   0.2250E+02
   0.9736E+00   0.2642E-01  -0.2266E+02  -0.2245E+02  -0.1619E-02   0.2255E+02
   0.9736E+00   0.9858E-01  -0.2142E+02  -0.2114E+02  -0.1705E+00   0.2128E+02
   0.2642E-01   0.1514E+00  -0.2723E+02  -0.2673E+02   0.8672E-01   0.2698E+02
   0.2642E-01   0.2236E+00  -0.2878E+02  -0.2769E+02   0.5833E+00   0.2824E+02
   0.9858E-01   0.1514E+00  -0.2838E+02  -0.2669E+02   0.7813E-01   0.2754E+02
   0.9858E-01   0.2236E+00  -0.2786E+02  -0.2497E+02   0.3633E+00   0.2641E+02
   0.1514E+00   0.1514E+00  -0.2736E+02  -0.2479E+02  -0.1470E+00   0.2608E+02
   0.1514E+00   0.2236E+00  -0.2785E+02  -0.2429E+02   0.2591E+00   0.2607E+02
   0.2236E+00   0.1514E+00  -0.2742E+02  -0.2393E+02  -0.5343E+00   0.2567E+02
   0.2236E+00   0.2236E+00  -0.2300E+02  -0.1907E+02  -0.1091E+00   0.2103E+02
   0.2764E+00   0.1514E+00  -0.2439E+02  -0.2077E+02  -0.8699E+00   0.2258E+02
   0.2764E+00   0.2236E+00  -0.1846E+02  -0.1505E+02  -0.3880E+00   0.1676E+02
   0.3486E+00   0.1514E+00  -0.2137E+02  -0.1840E+02  -0.1277E+01   0.1989E+02
   0.3486E+00   0.2236E+00  -0.8519E+01  -0.6214E+01  -0.6002E+00   0.7366E+01
   0.4014E+00   0.1514E+00  -0.1688E+02  -0.1476E+02  -0.1482E+01   0.1582E+02
   0.4014E+00   0.2236E+00  -0.3256E+01  -0.1807E+01  -0.5670E+00   0.2531E+01
   0.4736E+00   0.1514E+00  -0.1486E+02  -0.1401E+02  -0.1725E+01   0.1444E+02
   0.4736E+00   0.2236E+00   0.3293E+01   0.3946E+01  -0.5131E+00  -0.3619E+01
   0.5264E+00   0.1514E+00  -0.1331E+02  -0.1343E+02  -0.1860E+01   0.1337E+02
   0.5264E+00   0.2236E+00   0.3451E+01   0.3787E+01  -0.4818E+00  -0.3619E+01
   0.5986E+00   0.1514E+00  -0.1601E+02  -0.1768E+02  -0.2032E+01   0.1684E+02
   0.5986E+00   0.2236E+00   0.2039E+01   0.1750E+01  -0.7445E+00  -0.1895E+01
   0.6514E+00   0.1514E+00  -0.1705E+02  -0.2013E+02  -0.1965E+01   0.1859E+02
   0.6514E+00   0.2236E+00  -0.3139E+01  -0.4382E+01  -0.1044E+01   0.3761E+01
   0.7236E+00   0.1514E+00  -0.2001E+02  -0.2456E+02  -0.1480E+01   0.2229E+02
   0.7236E+00   0.2236E+00  -0.9501E+01  -0.1312E+02  -0.1238E+01   0.1131E+02
   0.7764E+00   0.1514E+00  -0.1969E+02  -0.2421E+02  -0.6625E+00   0.2195E+02
   0.7764E+00   0.2236E+00  -0.1537E+02  -0.2096E+02  -0.6068E+00   0.1816E+02
   0.8486E+00   0.1514E+00  -0.2112E+02  -0.2386E+02  -0.2922E-01   0.2249E+02
   0.8486E+00   0.2236E+00  -0.1732E+02  -0.2268E+02   0.3142E+00   0.2000E+02
   0.9014E+00   0.1514E+00  -0.2041E+02  -0.2149E+02   0.1418E+00   0.2095E+02
   0.9014E+00   0.2236E+00  -0.1968E+02  -0.2270E+02   0.6756E+00   0.2119E+02
   0.9736E+00   0.1514E+00  -0.2180E+02  -0.2183E+02  -0.2097E+00   0.2182E+02
   0.9736E+00   0.2236E+00  -0.1949E+02  -0.2001E+02   0.4484E-01   0.1975E+02
   0.2642E-01   0.2764E+00  -0.2727E+02  -0.2584E+02   0.1175E+01   0.2656E+02
   0.2642E-01   0.3486E+00  -0.2512E+02  -0.2362E+02   0.2072E+01   0.2437E+02
   0.9858E-01   0.2764E+00  -0.2783E+02  -0.2443E+02   0.6621E+00   0.2613E+02
   0.9858E-01   0.3486E+00  -0.2276E+02  -0.1950E+02   0.9233E+00   0.2113E+02
   0.1514E+00   0.2764E+00  -0.2434E+02  -0.2068E+02   0.7240E+00   0.2251E+02
   0.1514E+00   0.3486E+00  -0.1900E+02  -0.1597E+02   0.1087E+01   0.1748E+02
   0.2236E+00   0.2764E+00  -0.1793E+02  -0.1453E+02   0.3209E+00   0.1623E+02
   0.2236E+00   0.3486E+00  -0.6215E+01  -0.3962E+01   0.4615E+00   0.5089E+01
   0.2764E+00   0.2764E+00  -0.8304E+01  -0.5845E+01   0.7909E-01   0.7074E+01
   0.2764E+00   0.3486E+00   0.4284E+01   0.5481E+01   0.1807E+00  -0.4883E+01
   0.3486E+00   0.2764E+00   0.2955E+01   0.4151E+01  -0.7068E-01  -0.3553E+01
   0.3486E+00   0.3486E+00   0.1935E+02   0.1961E+02  -0.3892E-01  -0.1948E+02
   0.4014E+00   0.2764E+00   0.1139E+02   0.1192E+02   0.2122E-01  -0.1165E+02
   0.4014E+00   0.3486E+00   0.2566E+02   0.2569E+02   0.5314E-01  -0.2567E+02
   0.4736E+00   0.2764E+00   0.1663E+02   0.1683E+02   0.6907E-01  -0.1673E+02
   0.4736E+00   0.3486E+00   0.3251E+02   0.3259E+02   0.2333E-01  -0.3255E+02
   0.5264E+00   0.2764E+00   0.1898E+02   0.1923E+02   0.1562E+00  -0.1910E+02
   0.5264E+00   0.3486E+00   0.3281E+02   0.3293E+02   0.7178E-01  -0.3287E+02
   0.5986E+00   0.2764E+00   0.1570E+02   0.1611E+02   0.7889E-01  -0.1591E+02
   0.5986E+00   0.3486E+00   0.3224E+02   0.3256E+02   0.4207E-01  -0.3240E+02
   0.6514E+00   0.2764E+00   0.1236E+02   0.1284E+02  -0.4094E-01  -0.1260E+02
   0.6514E+00   0.3486E+00   0.2746E+02   0.2822E+02   0.1222E+00  -0.2784E+02
   0.7236E+00   0.2764E+00   0.1304E+01   0.3211E+00  -0.5011E+00  -0.8127E+00
   0.7236E+00   0.3486E+00   0.1915E+02   0.2026E+02  -0.1368E+00  -0.1970E+02
   0.7764E+00   0.2764E+00  -0.5720E+01  -0.9629E+01  -0.3556E+00   0.7675E+01
   0.7764E+00   0.3486E+00   0.8230E+01   0.7970E+01  -0.3361E+00  -0.8100E+01
   0.8486E+00   0.2764E+00  -0.1443E+02  -0.2096E+02   0.5676E+00   0.1770E+02
   0.8486E+00   0.3486E+00  -0.5365E+01  -0.1028E+02   0.4673E+00   0.7821E+01
   0.9014E+00   0.2764E+00  -0.1654E+02  -0.2147E+02   0.1307E+01   0.1901E+02
   0.9014E+00   0.3486E+00  -0.1333E+02  -0.1971E+02   0.2272E+01   0.1652E+02
   0.9736E+00   0.2764E+00  -0.1917E+02  -0.2025E+02   0.4193E+00   0.1971E+02
   0.9736E+00   0.3486E+00  -0.1512E+02  -0.1747E+02   0.1466E+01   0.1629E+02
   0.2642E-01   0.4014E+00  -0.2006E+02  -0.1884E+02   0.2701E+01   0.1945E+02
   0.2642E-01   0.4736E+00  -0.1524E+02  -0.1468E+02   0.3243E+01   0.1496E+02
   0.9858E-01   0.4014E+00  -0.1888E+02  -0.1627E+02   0.1064E+01   0.1757E+02
   0.9858E-01   0.4736E+00  -0.1143E+02  -0.1005E+02   0.1181E+01   0.1074E+02
   0.1514E+00   0.4014E+00  -0.1188E+02  -0.9632E+01   0.1233E+01   0.1076E+02
   0.1514E+00   0.4736E+00  -0.5535E+01  -0.4366E+01   0.1185E+01   0.4950E+01
   0.2236E+00   0.4014E+00   0.8823E+00   0.2275E+01   0.4276E+00  -0.1578E+01
   0.2236E+00   0.4736E+00   0.1013E+02   0.1072E+02   0.2808E+00  -0.1042E+02
   0.2764E+00   0.4014E+00   0.1390E+02   0.1452E+02   0.1318E+00  -0.1421E+02
   0.2764E+00   0.4736E+00   0.2098E+02   0.2126E+02  -0.3240E-01  -0.2112E+02
   0.3486E+00   0.4014E+00   0.2664E+02   0.2677E+02  -0.1237E+00  -0.2671E+02
   0.3486E+00   0.4736E+00   0.3493E+02   0.3511E+02  -0.2027E+00  -0.3502E+02
   0.4014E+00   0.4014E+00   0.3454E+02   0.3467E+02  -0.8933E-02  -0.3461E+02
   0.4014E+00   0.4736E+00   0.4046E+02   0.4072E+02  -0.5463E-01  -0.4059E+02
   0.4736E+00   0.4014E+00   0.3899E+02   0.3923E+02  -0.1049E+00  -0.3911E+02
   0.4736E+00   0.4736E+00   0.4689E+02   0.4723E+02  -0.7092E-01  -0.4706E+02
   0.5264E+00   0.4014E+00   0.4141E+02   0.4167E+02  -0.9933E-01  -0.4154E+02
   0.5264E+00   0.4736E+00   0.4732E+02   0.4770E+02  -0.5063E-01  -0.4751E+02
   0.5986E+00   0.4014E+00   0.3890E+02   0.3915E+02  -0.2015E+00  -0.3903E+02
   0.5986E+00   0.4736E+00   0.4704E+02   0.4743E+02  -0.9582E-01  -0.4723E+02
   0.6514E+00   0.4014E+00   0.3651E+02   0.3672E+02  -0.1521E+00  -0.3661E+02
   0.6514E+00   0.4736E+00   0.4253E+02   0.4274E+02  -0.1479E+00  -0.4263E+02
   0.7236E+00   0.4014E+00   0.2714E+02   0.2797E+02  -0.2001E+00  -0.2756E+02
   0.7236E+00   0.4736E+00   0.3617E+02   0.3642E+02  -0.1347E+00  -0.3630E+02
   0.7764E+00   0.4014E+00   0.1926E+02   0.2061E+02  -0.5432E+00  -0.1994E+02
   0.7764E+00   0.4736E+00   0.2751E+02   0.2901E+02  -0.5032E+00  -0.2826E+02
   0.8486E+00   0.4014E+00   0.1997E+01  -0.1510E+00  -0.1368E+00  -0.9229E+00
   0.8486E+00   0.4736E+00   0.1372E+02   0.1416E+02  -0.1105E+01  -0.1394E+02
   0.9014E+00   0.4014E+00  -0.6943E+01  -0.1300E+02   0.2673E+01   0.9969E+01
   0.9014E+00   0.4736E+00   0.1688E+00  -0.4187E+01   0.2082E+01   0.2009E+01
   0.9736E+00   0.4014E+00  -0.1329E+02  -0.1659E+02   0.2748E+01   0.1494E+02
   0.9736E+00   0.4736E+00  -0.6244E+01  -0.9829E+01   0.4689E+01   0.8037E+01
   0.2642E-01   0.5264E+00  -0.1079E+02  -0.1085E+02   0.3365E+01   0.1082E+02
   0.2642E-01   0.5986E+00  -0.9363E+01  -0.1017E+02   0.3142E+01   0.9765E+01
   0.9858E-01   0.5264E+00  -0.8751E+01  -0.8428E+01   0.1309E+01   0.8589E+01
   0.9858E-01   0.5986E+00  -0.5614E+01  -0.6657E+01   0.1493E+01   0.6135E+01
   0.1514E+00   0.5264E+00  -0.9682E+00  -0.5235E+00   0.1086E+01   0.7458E+00
   0.1514E+00   0.5986E+00  -0.4246E+00  -0.9694E+00   0.9274E+00   0.6970E+00
   0.2236E+00   0.5264E+00   0.1241E+02   0.1258E+02   0.2449E+00  -0.1249E+02
   0.2236E+00   0.5986E+00   0.1375E+02   0.1338E+02   0.2472E+00  -0.1356E+02
   0.2764E+00   0.5264E+00   0.2484E+02   0.2503E+02  -0.6253E-01  -0.2494E+02
   0.2764E+00   0.5986E+00   0.2364E+02   0.2355E+02  -0.1040E+00  -0.2359E+02
   0.3486E+00   0.5264E+00   0.3647E+02   0.3668E+02  -0.1667E+00  -0.3657E+02
   0.3486E+00   0.5986E+00   0.3709E+02   0.3724E+02  -0.1305E+00  -0.3716E+02
   0.4014E+00   0.5264E+00   0.4402E+02   0.4427E+02  -0.2333E-01  -0.4414E+02
   0.4014E+00   0.5986E+00   0.4283E+02   0.4303E+02  -0.3817E-01  -0.4293E+02
   0.4736E+00   0.5264E+00   0.4844E+02   0.4875E+02  -0.1997E-01  -0.4859E+02
   0.4736E+00   0.5986E+00   0.4952E+02   0.4978E+02   0.4107E-01  -0.4965E+02
   0.5264E+00   0.5264E+00   0.5101E+02   0.5139E+02  -0.2756E-01  -0.5120E+02
   0.5264E+00   0.5986E+00   0.5002E+02   0.5043E+02   0.2787E-01  -0.5022E+02
   0.5986E+00   0.5264E+00   0.4859E+02   0.4907E+02  -0.7653E-01  -0.4883E+02
   0.5986E+00   0.5986E+00   0.4968E+02   0.5024E+02   0.3334E-02  -0.4996E+02
   0.6514E+00   0.5264E+00   0.4626E+02   0.4681E+02  -0.1747E+00  -0.4653E+02
   0.6514E+00   0.5986E+00   0.4491E+02   0.4575E+02  -0.4593E-01  -0.4533E+02
   0.7236E+00   0.5264E+00   0.3769E+02   0.3807E+02  -0.2204E+00  -0.3788E+02
   0.7236E+00   0.5986E+00   0.3819E+02   0.3905E+02  -0.2165E+00  -0.3862E+02
   0.7764E+00   0.5264E+00   0.3159E+02   0.3258E+02  -0.3020E+00  -0.3208E+02
   0.7764E+00   0.5986E+00   0.2988E+02   0.3081E+02   0.3585E-02  -0.3035E+02
   0.8486E+00   0.5264E+00   0.1744E+02   0.1874E+02  -0.1608E+01  -0.1809E+02
   0.8486E+00   0.5986E+00   0.2026E+02   0.2225E+02  -0.1664E+01  -0.2126E+02
   0.9014E+00   0.5264E+00   0.7465E+01   0.4710E+01   0.9173E+00  -0.6088E+01
   0.9014E+00   0.5986E+00   0.1031E+02   0.9364E+01  -0.8736E+00  -0.9837E+01
   0.9736E+00   0.5264E+00  -0.1545E+01  -0.4712E+01   0.6016E+01   0.3128E+01
   0.9736E+00   0.5986E+00   0.4826E+01   0.2432E+01   0.7363E+01  -0.3629E+01
   0.2642E-01   0.6514E+00  -0.8364E+01  -0.9549E+01   0.2694E+01   0.8956E+01
   0.2642E-01   0.7236E+00  -0.1018E+02  -0.1149E+02   0.1969E+01   0.1083E+02
   0.9858E-01   0.6514E+00  -0.6925E+01  -0.8912E+01   0.1633E+01   0.7919E+01
   0.9858E-01   0.7236E+00  -0.7816E+01  -0.1056E+02   0.1575E+01   0.9185E+01
   0.1514E+00   0.6514E+00  -0.7605E+00  -0.2014E+01   0.8406E+00   0.1387E+01
   0.1514E+00   0.7236E+00  -0.5553E+01  -0.7879E+01   0.6980E+00   0.6716E+01
   0.2236E+00   0.6514E+00   0.1022E+02   0.9359E+01   0.2641E+00  -0.9791E+01
   0.2236E+00   0.7236E+00   0.4210E+01   0.2503E+01   0.1941E+00  -0.3356E+01
   0.2764E+00   0.6514E+00   0.2148E+02   0.2107E+02  -0.4216E-01  -0.2128E+02
   0.2764E+00   0.7236E+00   0.1236E+02   0.1111E+02  -0.6390E-01  -0.1173E+02
   0.3486E+00   0.6514E+00   0.3303E+02   0.3301E+02  -0.6444E-01  -0.3302E+02
   0.3486E+00   0.7236E+00   0.2572E+02   0.2516E+02  -0.7394E-02  -0.2544E+02
   0.4014E+00   0.6514E+00   0.4104E+02   0.4116E+02   0.5222E-01  -0.4110E+02
   0.4014E+00   0.7236E+00   0.3245E+02   0.3221E+02   0.8573E-01  -0.3233E+02
   0.4736E+00   0.6514E+00   0.4597E+02   0.4621E+02   0.1265E+00  -0.4609E+02
   0.4736E+00   0.7236E+00   0.4027E+02   0.4041E+02   0.2692E+00  -0.4034E+02
   0.5264E+00   0.6514E+00   0.4867E+02   0.4906E+02   0.1590E+00  -0.4886E+02
   0.5264E+00   0.7236E+00   0.4117E+02   0.4154E+02   0.2895E+00  -0.4136E+02
   0.5986E+00   0.6514E+00   0.4595E+02   0.4663E+02   0.7012E-01  -0.4629E+02
   0.5986E+00   0.7236E+00   0.4047E+02   0.4132E+02   0.3060E+00  -0.4090E+02
   0.6514E+00   0.6514E+00   0.4313E+02   0.4407E+02   0.8503E-01  -0.4360E+02
   0.6514E+00   0.7236E+00   0.3482E+02   0.3601E+02   0.2634E+00  -0.3541E+02
   0.7236E+00   0.6514E+00   0.3351E+02   0.3482E+02  -0.2556E+00  -0.3416E+02
   0.7236E+00   0.7236E+00   0.2623E+02   0.2820E+02   0.5591E-01  -0.2722E+02
   0.7764E+00   0.6514E+00   0.2726E+02   0.2858E+02   0.4987E-01  -0.2792E+02
   0.7764E+00   0.7236E+00   0.1639E+02   0.1849E+02   0.9063E-01  -0.1744E+02
   0.8486E+00   0.6514E+00   0.1569E+02   0.1812E+02  -0.1441E+01  -0.1690E+02
   0.8486E+00   0.7236E+00   0.6728E+01   0.1003E+02  -0.8000E+00  -0.8380E+01
   0.9014E+00   0.6514E+00   0.1002E+02   0.1009E+02  -0.2248E+01  -0.1006E+02
   0.9014E+00   0.7236E+00  -0.4333E+00   0.1022E+01  -0.4037E+01  -0.2945E+00
   0.9736E+00   0.6514E+00   0.3632E+01   0.1830E+01   0.8033E+01  -0.2731E+01
   0.9736E+00   0.7236E+00  -0.2300E+01  -0.3547E+01   0.8607E+01   0.2924E+01
   0.2642E-01   0.7632E+00  -0.9682E+01  -0.1081E+02   0.1499E+01   0.1025E+02
   0.2642E-01   0.7993E+00  -0.1203E+02  -0.1293E+02   0.1250E+01   0.1248E+02
   0.9858E-01   0.7632E+00  -0.1055E+02  -0.1346E+02   0.1423E+01   0.1200E+02
   0.9858E-01   0.7993E+00  -0.1023E+02  -0.1284E+02   0.1156E+01   0.1154E+02
   0.1514E+00   0.7632E+00  -0.7091E+01  -0.9902E+01   0.5625E+00   0.8497E+01
   0.1514E+00   0.7993E+00  -0.1145E+02  -0.1478E+02   0.4038E+00   0.1312E+02
   0.2236E+00   0.7632E+00  -0.2158E+01  -0.4508E+01   0.4119E-01   0.3333E+01
   0.2236E+00   0.7993E+00  -0.5539E+01  -0.8404E+01   0.9253E-02   0.6971E+01
   0.2764E+00   0.7632E+00   0.7681E+01   0.5864E+01  -0.1111E+00  -0.6773E+01
   0.2764E+00   0.7993E+00  -0.1277E+00  -0.2659E+01  -0.2480E+00   0.1393E+01
   0.3486E+00   0.7632E+00   0.1807E+02   0.1701E+02  -0.3664E-01  -0.1754E+02
   0.3486E+00   0.7993E+00   0.1352E+02   0.1198E+02   0.4027E-01  -0.1275E+02
   0.4014E+00   0.7632E+00   0.2813E+02   0.2754E+02   0.1116E+00  -0.2784E+02
   0.4014E+00   0.7993E+00   0.2026E+02   0.1920E+02  -0.3238E-01  -0.1973E+02
   0.4736E+00   0.7632E+00   0.3354E+02   0.3355E+02   0.3384E+00  -0.3354E+02
   0.4736E+00   0.7993E+00   0.3036E+02   0.3015E+02   0.4614E+00  -0.3025E+02
   0.5264E+00   0.7632E+00   0.3801E+02   0.3830E+02   0.3769E+00  -0.3816E+02
   0.5264E+00   0.7993E+00   0.3095E+02   0.3114E+02   0.2445E+00  -0.3104E+02
   0.5986E+00   0.7632E+00   0.3385E+02   0.3483E+02   0.4545E+00  -0.3434E+02
   0.5986E+00   0.7993E+00   0.3155E+02   0.3257E+02   0.6809E+00  -0.3206E+02
   0.6514E+00   0.7632E+00   0.3157E+02   0.3289E+02   0.3230E+00  -0.3223E+02
   0.6514E+00   0.7993E+00   0.2418E+02   0.2567E+02   0.2280E+00  -0.2492E+02
   0.7236E+00   0.7632E+00   0.1823E+02   0.2063E+02   0.2604E+00  -0.1943E+02
   0.7236E+00   0.7993E+00   0.1539E+02   0.1808E+02   0.6656E+00  -0.1674E+02
   0.7764E+00   0.7632E+00   0.1160E+02   0.1417E+02  -0.4487E-01  -0.1288E+02
   0.7764E+00   0.7993E+00   0.2451E+01   0.5451E+01  -0.1560E+00  -0.3951E+01
   0.8486E+00   0.7632E+00  -0.3388E+01   0.5780E+00  -0.3830E+00   0.1405E+01
   0.8486E+00   0.7993E+00  -0.8439E+01  -0.4092E+01   0.3466E+00   0.6266E+01
   0.9014E+00   0.7632E+00  -0.6856E+01  -0.4676E+01  -0.5078E+01   0.5766E+01
   0.9014E+00   0.7993E+00  -0.1972E+02  -0.1659E+02  -0.5939E+01   0.1815E+02
   0.9736E+00   0.7632E+00  -0.1257E+02  -0.1360E+02   0.8817E+01   0.1308E+02
   0.9736E+00   0.7993E+00  -0.2051E+02  -0.2134E+02   0.8892E+01   0.2092E+02
   0.2642E-01   0.8257E+00  -0.1111E+02  -0.1162E+02   0.9192E+00   0.1137E+02
   0.2642E-01   0.8618E+00  -0.1272E+02  -0.1283E+02   0.1019E+01   0.1278E+02
   0.9858E-01   0.8257E+00  -0.1270E+02  -0.1506E+02   0.8634E+00   0.1388E+02
   0.9858E-01   0.8618E+00  -0.1316E+02  -0.1448E+02   0.5384E+00   0.1382E+02
   0.1514E+00   0.8257E+00  -0.1213E+02  -0.1558E+02   0.1046E+00   0.1385E+02
   0.1514E+00   0.8618E+00  -0.1624E+02  -0.2025E+02  -0.2270E+00   0.1824E+02
   0.2236E+00   0.8257E+00  -0.1087E+02  -0.1430E+02  -0.2407E+00   0.1259E+02
   0.2236E+00   0.8618E+00  -0.1468E+02  -0.1857E+02   0.5320E-01   0.1662E+02
   0.2764E+00   0.8257E+00  -0.3136E+01  -0.6110E+01  -0.4476E+00   0.4623E+01
   0.2764E+00   0.8618E+00  -0.1049E+02  -0.1427E+02  -0.7491E+00   0.1238E+02
   0.3486E+00   0.8257E+00   0.6940E+01   0.4875E+01  -0.7463E-01  -0.5907E+01
   0.3486E+00   0.8618E+00   0.2169E+01  -0.4478E+00   0.2882E+00  -0.8604E+00
   0.4014E+00   0.8257E+00   0.1761E+02   0.1622E+02  -0.1528E+00  -0.1692E+02
   0.4014E+00   0.8618E+00   0.1006E+02   0.8033E+01  -0.5412E+00  -0.9047E+01
   0.4736E+00   0.8257E+00   0.2423E+02   0.2380E+02   0.4485E+00  -0.2402E+02
   0.4736E+00   0.8618E+00   0.2105E+02   0.2038E+02   0.8367E+00  -0.2072E+02
   0.5264E+00   0.8257E+00   0.2965E+02   0.2968E+02   0.1646E+00  -0.2966E+02
   0.5264E+00   0.8618E+00   0.2287E+02   0.2260E+02  -0.3614E+00  -0.2274E+02
   0.5986E+00   0.8257E+00   0.2551E+02   0.2662E+02   0.7866E+00  -0.2606E+02
   0.5986E+00   0.8618E+00   0.2403E+02   0.2514E+02   0.1313E+01  -0.2458E+02
   0.6514E+00   0.8257E+00   0.2358E+02   0.2503E+02   0.1426E+00  -0.2431E+02
   0.6514E+00   0.8618E+00   0.1682E+02   0.1824E+02  -0.4408E+00  -0.1753E+02
   0.7236E+00   0.8257E+00   0.8497E+01   0.1154E+02   0.9564E+00  -0.1002E+02
   0.7236E+00   0.8618E+00   0.7899E+01   0.1078E+02   0.1899E+01  -0.9341E+01
   0.7764E+00   0.8257E+00   0.1396E+01   0.4384E+01  -0.3385E+00  -0.2890E+01
   0.7764E+00   0.8618E+00  -0.6559E+01  -0.3608E+01  -0.7731E+00   0.5083E+01
   0.8486E+00   0.8257E+00  -0.1794E+02  -0.1318E+02   0.1001E+01   0.1556E+02
   0.8486E+00   0.8618E+00  -0.2218E+02  -0.1764E+02   0.2658E+01   0.1991E+02
   0.9014E+00   0.8257E+00  -0.2489E+02  -0.2103E+02  -0.6680E+01   0.2296E+02
   0.9014E+00   0.8618E+00  -0.4367E+02  -0.3784E+02  -0.7335E+01   0.4076E+02
   0.9736E+00   0.8257E+00  -0.3447E+02  -0.3507E+02   0.9011E+01   0.3477E+02
   0.9736E+00   0.8618E+00  -0.5258E+02  -0.5261E+02   0.8881E+01   0.5260E+02
   0.2642E-01   0.8882E+00  -0.1302E+02  -0.1200E+02   0.5237E+00   0.1251E+02
   0.2642E-01   0.9243E+00  -0.1148E+02  -0.1060E+02   0.1869E+01   0.1104E+02
   0.9858E-01   0.8882E+00  -0.1478E+02  -0.1526E+02  -0.4777E+00   0.1502E+02
   0.9858E-01   0.9243E+00  -0.1636E+02  -0.1546E+02   0.9479E+00   0.1591E+02
   0.1514E+00   0.8882E+00  -0.1787E+02  -0.2246E+02  -0.1211E+01   0.2016E+02
   0.1514E+00   0.9243E+00  -0.1993E+02  -0.2469E+02  -0.6919E+00   0.2231E+02
   0.2236E+00   0.8882E+00  -0.1872E+02  -0.2302E+02  -0.1843E+00   0.2087E+02
   0.2236E+00   0.9243E+00  -0.2230E+02  -0.2719E+02   0.1781E+01   0.2475E+02
   0.2764E+00   0.8882E+00  -0.1351E+02  -0.1777E+02  -0.1615E+01   0.1564E+02
   0.2764E+00   0.9243E+00  -0.1776E+02  -0.2261E+02  -0.1376E+01   0.2018E+02
   0.3486E+00   0.8882E+00  -0.3045E+01  -0.6257E+01   0.2615E+00   0.4651E+01
   0.3486E+00   0.9243E+00  -0.6270E+01  -0.9911E+01   0.2282E+01   0.8090E+01
   0.4014E+00   0.8882E+00   0.7797E+01   0.5493E+01  -0.1334E+01  -0.6645E+01
   0.4014E+00   0.9243E+00   0.3571E+01   0.3562E+00  -0.1313E+01  -0.1964E+01
   0.4736E+00   0.8882E+00   0.1598E+02   0.1492E+02   0.9301E+00  -0.1545E+02
   0.4736E+00   0.9243E+00   0.1417E+02   0.1267E+02   0.3234E+01  -0.1342E+02
   0.5264E+00   0.8882E+00   0.2236E+02   0.2194E+02  -0.1023E+01  -0.2215E+02
   0.5264E+00   0.9243E+00   0.1916E+02   0.1761E+02  -0.9208E+00  -0.1839E+02
   0.5986E+00   0.8882E+00   0.1896E+02   0.1982E+02   0.1744E+01  -0.1939E+02
   0.5986E+00   0.9243E+00   0.1909E+02   0.1947E+02   0.4759E+01  -0.1928E+02
   0.6514E+00   0.8882E+00   0.1834E+02   0.1941E+02  -0.7702E+00  -0.1887E+02
   0.6514E+00   0.9243E+00   0.1599E+02   0.1568E+02  -0.6321E+00  -0.1584E+02
   0.7236E+00   0.8882E+00   0.1803E+01   0.4418E+01   0.2969E+01  -0.3111E+01
   0.7236E+00   0.9243E+00   0.3939E+01   0.5764E+01   0.6843E+01  -0.4851E+01
   0.7764E+00   0.8882E+00  -0.3411E+01  -0.1369E+01  -0.8382E+00   0.2390E+01
   0.7764E+00   0.9243E+00  -0.6930E+01  -0.5906E+01  -0.1087E+01   0.6418E+01
   0.8486E+00   0.8882E+00  -0.3363E+02  -0.2883E+02   0.4618E+01   0.3123E+02
   0.8486E+00   0.9243E+00  -0.3324E+02  -0.3033E+02   0.9465E+01   0.3179E+02
   0.9014E+00   0.8882E+00  -0.5114E+02  -0.4368E+02  -0.7859E+01   0.4741E+02
   0.9014E+00   0.9243E+00  -0.7967E+02  -0.6688E+02  -0.6395E+01   0.7328E+02
   0.9736E+00   0.8882E+00  -0.8105E+02  -0.8027E+02   0.9024E+01   0.8066E+02
   0.9736E+00   0.9243E+00  -0.1384E+03  -0.1344E+03   0.8494E+01   0.1364E+03
   0.2642E-01   0.9507E+00  -0.7109E+01  -0.9772E+01  -0.9900E+00   0.8440E+01
   0.2642E-01   0.9868E+00   0.6644E+01   0.4212E+01   0.3412E+02  -0.5428E+01
   0.9858E-01   0.9507E+00  -0.1486E+02  -0.2036E+02   0.3151E+01   0.1761E+02
   0.9858E-01   0.9868E+00  -0.2934E+02  -0.3597E+02   0.2951E+02   0.3266E+02
   0.1514E+00   0.9507E+00  -0.1849E+02  -0.2269E+02   0.4113E+01   0.2059E+02
   0.1514E+00   0.9868E+00  -0.1384E+02  -0.1518E+02   0.2561E+02   0.1451E+02
   0.2236E+00   0.9507E+00  -0.2694E+02  -0.3266E+02   0.7186E+01   0.2980E+02
   0.2236E+00   0.9868E+00  -0.3584E+02  -0.3884E+02   0.2443E+02   0.3734E+02
   0.2764E+00   0.9507E+00  -0.1669E+02  -0.2186E+02   0.3143E+01   0.1928E+02
   0.2764E+00   0.9868E+00  -0.1628E+02  -0.1835E+02   0.2062E+02   0.1731E+02
   0.3486E+00   0.9507E+00  -0.1092E+02  -0.1540E+02   0.7571E+01   0.1316E+02
   0.3486E+00   0.9868E+00  -0.1733E+02  -0.1988E+02   0.1969E+02   0.1861E+02
   0.4014E+00   0.9507E+00   0.5383E+01   0.1714E+01   0.2962E+01  -0.3548E+01
   0.4014E+00   0.9868E+00   0.4059E+01   0.2672E+01   0.1617E+02  -0.3365E+01
   0.4736E+00   0.9507E+00   0.9263E+01   0.6475E+01   0.8342E+01  -0.7869E+01
   0.4736E+00   0.9868E+00   0.5300E+01   0.3366E+01   0.1634E+02  -0.4333E+01
   0.5264E+00   0.9507E+00   0.2260E+02   0.2095E+02   0.2879E+01  -0.2177E+02
   0.5264E+00   0.9868E+00   0.2014E+02   0.1981E+02   0.1320E+02  -0.1998E+02
   0.5986E+00   0.9507E+00   0.1364E+02   0.1229E+02   0.9450E+01  -0.1296E+02
   0.5986E+00   0.9868E+00   0.1209E+02   0.1068E+02   0.1474E+02  -0.1138E+02
   0.6514E+00   0.9507E+00   0.2162E+02   0.2183E+02   0.2557E+01  -0.2173E+02
   0.6514E+00   0.9868E+00   0.1789E+02   0.1854E+02   0.1172E+02  -0.1821E+02
   0.7236E+00   0.9507E+00  -0.3197E+01  -0.3694E+01   0.1087E+02   0.3446E+01
   0.7236E+00   0.9868E+00  -0.3539E+01  -0.4608E+01   0.1462E+02   0.4073E+01
   0.7764E+00   0.9507E+00   0.1083E+01   0.3455E+01   0.1936E+01  -0.2269E+01
   0.7764E+00   0.9868E+00  -0.4648E+01  -0.3099E+01   0.1136E+02   0.3874E+01
   0.8486E+00   0.9507E+00  -0.5011E+02  -0.4929E+02   0.1203E+02   0.4970E+02
   0.8486E+00   0.9868E+00  -0.5800E+02  -0.5757E+02   0.1620E+02   0.5778E+02
   0.9014E+00   0.9507E+00  -0.8306E+02  -0.6827E+02   0.1523E+00   0.7567E+02
   0.9014E+00   0.9868E+00  -0.9370E+02  -0.8834E+02   0.1376E+02   0.9102E+02
   0.9736E+00   0.9507E+00  -0.2661E+03  -0.2466E+03   0.8915E+01   0.2564E+03
   0.9736E+00   0.9868E+00  -0.3637E+03  -0.3475E+03   0.2901E+02   0.3556E+03