   0.2642E-01   0.2642E-01  -0.1253E+02  -0.1255E+02  -0.4319E-02   0.1254E+02
   0.2642E-01   0.9858E-01  -0.1333E+02  -0.1317E+02   0.2795E-01   0.1325E+02
   0.9858E-01   0.2642E-01  -0.1301E+02  -0.1291E+02  -0.2795E-01   0.1296E+02
   0.9858E-01   0.9858E-01  -0.1287E+02  -0.1219E+02  -0.6015E-01   0.1253E+02
   0.1514E+00   0.2642E-01  -0.1229E+02  -0.1204E+02  -0.1274E+00   0.1217E+02
   0.1514E+00   0.9858E-01  -0.1345E+02  -0.1237E+02  -0.2425E+00   0.1291E+02
   0.2236E+00   0.2642E-01  -0.1257E+02  -0.1217E+02  -0.3584E+00   0.1237E+02
   0.2236E+00   0.9858E-01  -0.1278E+02  -0.1126E+02  -0.5171E+00   0.1202E+02
   0.2764E+00   0.2642E-01  -0.1177E+02  -0.1125E+02  -0.5879E+00   0.1151E+02
   0.2764E+00   0.9858E-01  -0.1312E+02  -0.1138E+02  -0.7556E+00   0.1225E+02
   0.3486E+00   0.2642E-01  -0.1203E+02  -0.1148E+02  -0.9466E+00   0.1175E+02
   0.3486E+00   0.9858E-01  -0.1204E+02  -0.1038E+02  -0.1084E+01   0.1121E+02
   0.4014E+00   0.2642E-01  -0.1129E+02  -0.1083E+02  -0.1200E+01   0.1106E+02
   0.4014E+00   0.9858E-01  -0.1211E+02  -0.1082E+02  -0.1286E+01   0.1147E+02
   0.4736E+00   0.2642E-01  -0.1187E+02  -0.1173E+02  -0.1408E+01   0.1180E+02
   0.4736E+00   0.9858E-01  -0.1100E+02  -0.1061E+02  -0.1454E+01   0.1081E+02
   0.5264E+00   0.2642E-01  -0.1148E+02  -0.1167E+02  -0.1401E+01   0.1157E+02
   0.5264E+00   0.9858E-01  -0.1136E+02  -0.1183E+02  -0.1473E+01   0.1160E+02
   0.5986E+00   0.2642E-01  -0.1239E+02  -0.1297E+02  -0.1158E+01   0.1268E+02
   0.5986E+00   0.9858E-01  -0.1071E+02  -0.1224E+02  -0.1354E+01   0.1147E+02
   0.6514E+00   0.2642E-01  -0.1194E+02  -0.1269E+02  -0.8207E+00   0.1231E+02
   0.6514E+00   0.9858E-01  -0.1131E+02  -0.1339E+02  -0.1125E+01   0.1235E+02
   0.7236E+00   0.2642E-01  -0.1234E+02  -0.1302E+02  -0.3480E+00   0.1268E+02
   0.7236E+00   0.9858E-01  -0.1054E+02  -0.1268E+02  -0.7232E+00   0.1161E+02
   0.7764E+00   0.2642E-01  -0.1134E+02  -0.1178E+02  -0.5992E-01   0.1156E+02
   0.7764E+00   0.9858E-01  -0.1099E+02  -0.1268E+02  -0.3978E+00   0.1183E+02
   0.8486E+00   0.2642E-01  -0.1142E+02  -0.1149E+02   0.1291E+00   0.1146E+02
   0.8486E+00   0.9858E-01  -0.1024E+02  -0.1099E+02  -0.8652E-01   0.1062E+02
   0.9014E+00   0.2642E-01  -0.1052E+02  -0.1035E+02   0.1087E+00   0.1044E+02
   0.9014E+00   0.9858E-01  -0.1090E+02  -0.1093E+02   0.4680E-02   0.1091E+02
   0.9736E+00   0.2642E-01  -0.1099E+02  -0.1086E+02   0.3361E-03   0.1092E+02
   0.9736E+00   0.9858E-01  -0.1026E+02  -0.1008E+02  -0.1087E+00   0.1017E+02
   0.2642E-01   0.1514E+00  -0.1315E+02  -0.1268E+02   0.1668E+00   0.1291E+02
   0.2642E-01   0.2236E+00  -0.1387E+02  -0.1306E+02   0.5654E+00   0.1347E+02
   0.9858E-01   0.1514E+00  -0.1388E+02  -0.1253E+02   0.3543E-01   0.1321E+02
   0.9858E-01   0.2236E+00  -0.1356E+02  -0.1143E+02   0.2320E+00   0.1249E+02
   0.1514E+00   0.1514E+00  -0.1334E+02  -0.1155E+02  -0.1528E+00   0.1244E+02
   0.1514E+00   0.2236E+00  -0.1392E+02  -0.1139E+02   0.8710E-01   0.1265E+02
   0.2236E+00   0.1514E+00  -0.1368E+02  -0.1140E+02  -0.4309E+00   0.1254E+02
   0.2236E+00   0.2236E+00  -0.1251E+02  -0.9559E+01  -0.1826E+00   0.1103E+02
   0.2764E+00   0.1514E+00  -0.1263E+02  -0.1020E+02  -0.6704E+00   0.1141E+02
   0.2764E+00   0.2236E+00  -0.1178E+02  -0.8813E+01  -0.4242E+00   0.1030E+02
   0.3486E+00   0.1514E+00  -0.1219E+02  -0.1001E+02  -0.1035E+01   0.1110E+02
   0.3486E+00   0.2236E+00  -0.8870E+01  -0.6268E+01  -0.7978E+00   0.7569E+01
   0.4014E+00   0.1514E+00  -0.1067E+02  -0.9005E+01  -0.1296E+01   0.9838E+01
   0.4014E+00   0.2236E+00  -0.7477E+01  -0.5398E+01  -0.1055E+01   0.6438E+01
   0.4736E+00   0.1514E+00  -0.1031E+02  -0.9656E+01  -0.1603E+01   0.9982E+01
   0.4736E+00   0.2236E+00  -0.4905E+01  -0.3756E+01  -0.1363E+01   0.4330E+01
   0.5264E+00   0.1514E+00  -0.9359E+01  -0.9645E+01  -0.1752E+01   0.9502E+01
   0.5264E+00   0.2236E+00  -0.4742E+01  -0.4429E+01  -0.1536E+01   0.4586E+01
   0.5986E+00   0.1514E+00  -0.9931E+01  -0.1155E+02  -0.1771E+01   0.1074E+02
   0.5986E+00   0.2236E+00  -0.4460E+01  -0.5539E+01  -0.1699E+01   0.5000E+01
   0.6514E+00   0.1514E+00  -0.9492E+01  -0.1202E+02  -0.1545E+01   0.1076E+02
   0.6514E+00   0.2236E+00  -0.5947E+01  -0.8300E+01  -0.1647E+01   0.7124E+01
   0.7236E+00   0.1514E+00  -0.1008E+02  -0.1318E+02  -0.1018E+01   0.1163E+02
   0.7236E+00   0.2236E+00  -0.6586E+01  -0.1048E+02  -0.1239E+01   0.8532E+01
   0.7764E+00   0.1514E+00  -0.9453E+01  -0.1227E+02  -0.4892E+00   0.1086E+02
   0.7764E+00   0.2236E+00  -0.7971E+01  -0.1234E+02  -0.5402E+00   0.1016E+02
   0.8486E+00   0.1514E+00  -0.1009E+02  -0.1180E+02  -0.1359E-01   0.1094E+02
   0.8486E+00   0.2236E+00  -0.7951E+01  -0.1142E+02   0.1953E+00   0.9685E+01
   0.9014E+00   0.1514E+00  -0.9624E+01  -0.1034E+02   0.1051E+00   0.9982E+01
   0.9014E+00   0.2236E+00  -0.9018E+01  -0.1100E+02   0.4189E+00   0.1001E+02
   0.9736E+00   0.1514E+00  -0.1040E+02  -0.1043E+02  -0.1322E+00   0.1041E+02
   0.9736E+00   0.2236E+00  -0.8828E+01  -0.9219E+01   0.4137E-01   0.9023E+01
   0.2642E-01   0.2764E+00  -0.1299E+02  -0.1198E+02   0.9863E+00   0.1249E+02
   0.2642E-01   0.3486E+00  -0.1207E+02  -0.1102E+02   0.1627E+01   0.1154E+02
   0.9858E-01   0.2764E+00  -0.1371E+02  -0.1120E+02   0.4192E+00   0.1245E+02
   0.9858E-01   0.3486E+00  -0.1148E+02  -0.8913E+01   0.6766E+00   0.1020E+02
   0.1514E+00   0.2764E+00  -0.1264E+02  -0.9813E+01   0.3434E+00   0.1123E+02
   0.1514E+00   0.3486E+00  -0.1095E+02  -0.8178E+01   0.6590E+00   0.9566E+01
   0.2236E+00   0.2764E+00  -0.1149E+02  -0.8376E+01   0.9688E-01   0.9934E+01
   0.2236E+00   0.3486E+00  -0.7258E+01  -0.4407E+01   0.4176E+00   0.5832E+01
   0.2764E+00   0.2764E+00  -0.8709E+01  -0.5678E+01  -0.1238E+00   0.7194E+01
   0.2764E+00   0.3486E+00  -0.4091E+01  -0.1515E+01   0.2139E+00   0.2803E+01
   0.3486E+00   0.2764E+00  -0.5417E+01  -0.2860E+01  -0.4464E+00   0.4138E+01
   0.3486E+00   0.3486E+00   0.2545E+01   0.4453E+01  -0.4621E-01  -0.3499E+01
   0.4014E+00   0.2764E+00  -0.1779E+01   0.2170E+00  -0.6139E+00   0.7807E+00
   0.4014E+00   0.3486E+00   0.6453E+01   0.7743E+01  -0.1290E+00  -0.7098E+01
   0.4736E+00   0.2764E+00   0.8057E+00   0.1990E+01  -0.7786E+00  -0.1398E+01
   0.4736E+00   0.3486E+00   0.1147E+02   0.1219E+02  -0.1523E+00  -0.1183E+02
   0.5264E+00   0.2764E+00   0.2522E+01   0.3156E+01  -0.8398E+00  -0.2839E+01
   0.5264E+00   0.3486E+00   0.1240E+02   0.1296E+02  -0.1061E+00  -0.1268E+02
   0.5986E+00   0.2764E+00   0.1390E+01   0.1105E+01  -0.1028E+01  -0.1248E+01
   0.5986E+00   0.3486E+00   0.1247E+02   0.1296E+02  -0.2172E+00  -0.1272E+02
   0.6514E+00   0.2764E+00   0.4028E+00  -0.9087E+00  -0.1169E+01   0.2529E+00
   0.6514E+00   0.3486E+00   0.9736E+01   0.1006E+02  -0.4157E+00  -0.9899E+01
   0.7236E+00   0.2764E+00  -0.3186E+01  -0.6544E+01  -0.1127E+01   0.4865E+01
   0.7236E+00   0.3486E+00   0.5280E+01   0.4082E+01  -0.7399E+00  -0.4681E+01
   0.7764E+00   0.2764E+00  -0.4616E+01  -0.9550E+01  -0.5250E+00   0.7083E+01
   0.7764E+00   0.3486E+00   0.4482E+00  -0.3160E+01  -0.4735E+00   0.1356E+01
   0.8486E+00   0.2764E+00  -0.6868E+01  -0.1184E+02   0.3818E+00   0.9355E+01
   0.8486E+00   0.3486E+00  -0.2954E+01  -0.8812E+01   0.5712E+00   0.5883E+01
   0.9014E+00   0.2764E+00  -0.7133E+01  -0.1039E+02   0.7860E+00   0.8760E+01
   0.9014E+00   0.3486E+00  -0.5346E+01  -0.1032E+02   0.1502E+01   0.7833E+01
   0.9736E+00   0.2764E+00  -0.8486E+01  -0.9239E+01   0.3285E+00   0.8863E+01
   0.9736E+00   0.3486E+00  -0.5976E+01  -0.7447E+01   0.1052E+01   0.6712E+01
   0.2642E-01   0.4014E+00  -0.9676E+01  -0.8777E+01   0.2082E+01   0.9226E+01
   0.2642E-01   0.4736E+00  -0.7276E+01  -0.6765E+01   0.2529E+01   0.7020E+01
   0.9858E-01   0.4014E+00  -0.9947E+01  -0.7691E+01   0.8678E+00   0.8819E+01
   0.9858E-01   0.4736E+00  -0.6172E+01  -0.4703E+01   0.1093E+01   0.5438E+01
   0.1514E+00   0.4014E+00  -0.7877E+01  -0.5458E+01   0.8700E+00   0.6668E+01
   0.1514E+00   0.4736E+00  -0.4753E+01  -0.3120E+01   0.1004E+01   0.3937E+01
   0.2236E+00   0.4014E+00  -0.4193E+01  -0.1889E+01   0.6288E+00   0.3041E+01
   0.2236E+00   0.4736E+00   0.1044E+01   0.2446E+01   0.7187E+00  -0.1745E+01
   0.2764E+00   0.4014E+00   0.1080E+01   0.3000E+01   0.4106E+00  -0.2040E+01
   0.2764E+00   0.4736E+00   0.6003E+01   0.7034E+01   0.4305E+00  -0.6518E+01
   0.3486E+00   0.4014E+00   0.7807E+01   0.9000E+01   0.1225E+00  -0.8403E+01
   0.3486E+00   0.4736E+00   0.1451E+02   0.1505E+02   0.9217E-01  -0.1478E+02
   0.4014E+00   0.4014E+00   0.1335E+02   0.1404E+02   0.2679E-01  -0.1370E+02
   0.4014E+00   0.4736E+00   0.1899E+02   0.1929E+02  -0.1698E-01  -0.1914E+02
   0.4736E+00   0.4014E+00   0.1747E+02   0.1784E+02  -0.1752E-01  -0.1766E+02
   0.4736E+00   0.4736E+00   0.2409E+02   0.2433E+02  -0.4998E-01  -0.2421E+02
   0.5264E+00   0.4014E+00   0.1961E+02   0.1998E+02   0.3293E-01  -0.1980E+02
   0.5264E+00   0.4736E+00   0.2497E+02   0.2527E+02  -0.5269E-02  -0.2512E+02
   0.5986E+00   0.4014E+00   0.1863E+02   0.1922E+02   0.4884E-02  -0.1892E+02
   0.5986E+00   0.4736E+00   0.2532E+02   0.2580E+02   0.7646E-02  -0.2556E+02
   0.6514E+00   0.4014E+00   0.1713E+02   0.1806E+02  -0.5793E-01  -0.1760E+02
   0.6514E+00   0.4736E+00   0.2291E+02   0.2375E+02   0.9284E-02  -0.2333E+02
   0.7236E+00   0.4014E+00   0.1115E+02   0.1168E+02  -0.4170E+00  -0.1141E+02
   0.7236E+00   0.4736E+00   0.1884E+02   0.2030E+02  -0.2903E+00  -0.1957E+02
   0.7764E+00   0.4014E+00   0.6824E+01   0.5498E+01  -0.4804E+00  -0.6161E+01
   0.7764E+00   0.4736E+00   0.1321E+02   0.1443E+02  -0.7167E+00  -0.1382E+02
   0.8486E+00   0.4014E+00   0.8347E-01  -0.4978E+01   0.4928E+00   0.2447E+01
   0.8486E+00   0.4736E+00   0.5907E+01   0.3303E+01  -0.1649E+00  -0.4605E+01
   0.9014E+00   0.4014E+00  -0.2233E+01  -0.8132E+01   0.2100E+01   0.5183E+01
   0.9014E+00   0.4736E+00   0.8265E+00  -0.5005E+01   0.2474E+01   0.2089E+01
   0.9736E+00   0.4014E+00  -0.4731E+01  -0.6907E+01   0.1875E+01   0.5819E+01
   0.9736E+00   0.4736E+00  -0.1076E+01  -0.4068E+01   0.3393E+01   0.2572E+01
   0.2642E-01   0.5264E+00  -0.4588E+01  -0.4463E+01   0.2685E+01   0.4525E+01
   0.2642E-01   0.5986E+00  -0.2897E+01  -0.3249E+01   0.2642E+01   0.3073E+01
   0.9858E-01   0.5264E+00  -0.4389E+01  -0.3705E+01   0.1248E+01   0.4047E+01
   0.9858E-01   0.5986E+00  -0.1574E+01  -0.1955E+01   0.1387E+01   0.1765E+01
   0.1514E+00   0.5264E+00  -0.1768E+01  -0.8422E+00   0.1029E+01   0.1305E+01
   0.1514E+00   0.5986E+00  -0.1416E+00  -0.2293E+00   0.9650E+00   0.1854E+00
   0.2236E+00   0.5264E+00   0.3225E+01   0.3918E+01   0.7184E+00  -0.3572E+01
   0.2236E+00   0.5986E+00   0.5633E+01   0.5446E+01   0.6219E+00  -0.5540E+01
   0.2764E+00   0.5264E+00   0.9353E+01   0.9827E+01   0.4052E+00  -0.9590E+01
   0.2764E+00   0.5986E+00   0.1039E+02   0.1014E+02   0.3154E+00  -0.1027E+02
   0.3486E+00   0.5264E+00   0.1667E+02   0.1693E+02   0.5576E-01  -0.1680E+02
   0.3486E+00   0.5986E+00   0.1838E+02   0.1827E+02   0.2311E-01  -0.1832E+02
   0.4014E+00   0.5264E+00   0.2213E+02   0.2235E+02  -0.3121E-01  -0.2224E+02
   0.4014E+00   0.5986E+00   0.2254E+02   0.2261E+02  -0.4049E-01  -0.2257E+02
   0.4736E+00   0.5264E+00   0.2590E+02   0.2619E+02  -0.6730E-01  -0.2604E+02
   0.4736E+00   0.5986E+00   0.2737E+02   0.2768E+02  -0.1573E-01  -0.2753E+02
   0.5264E+00   0.5264E+00   0.2791E+02   0.2828E+02  -0.4131E-01  -0.2809E+02
   0.5264E+00   0.5986E+00   0.2817E+02   0.2865E+02   0.1288E-01  -0.2841E+02
   0.5986E+00   0.5264E+00   0.2701E+02   0.2753E+02  -0.6820E-01  -0.2727E+02
   0.5986E+00   0.5986E+00   0.2841E+02   0.2911E+02   0.3092E-01  -0.2876E+02
   0.6514E+00   0.5264E+00   0.2595E+02   0.2663E+02  -0.8460E-01  -0.2629E+02
   0.6514E+00   0.5986E+00   0.2602E+02   0.2685E+02  -0.1229E-02  -0.2644E+02
   0.7236E+00   0.5264E+00   0.2107E+02   0.2241E+02  -0.2798E+00  -0.2174E+02
   0.7236E+00   0.5986E+00   0.2270E+02   0.2392E+02  -0.1361E+00  -0.2331E+02
   0.7764E+00   0.5264E+00   0.1707E+02   0.1914E+02  -0.8575E+00  -0.1811E+02
   0.7764E+00   0.5986E+00   0.1788E+02   0.2029E+02  -0.7170E+00  -0.1909E+02
   0.8486E+00   0.5264E+00   0.8674E+01   0.8196E+01  -0.9607E+00  -0.8435E+01
   0.8486E+00   0.5986E+00   0.1164E+02   0.1330E+02  -0.1884E+01  -0.1247E+02
   0.9014E+00   0.5264E+00   0.4475E+01  -0.3872E+00   0.2199E+01  -0.2044E+01
   0.9014E+00   0.5986E+00   0.6131E+01   0.3030E+01   0.1035E+01  -0.4581E+01
   0.9736E+00   0.5264E+00   0.6198E+00  -0.2691E+01   0.4729E+01   0.1036E+01
   0.9736E+00   0.5986E+00   0.3477E+01   0.2487E+00   0.6461E+01  -0.1863E+01
   0.2642E-01   0.6514E+00  -0.1426E+01  -0.2041E+01   0.2417E+01   0.1733E+01
   0.2642E-01   0.7236E+00  -0.1359E+01  -0.2072E+01   0.2019E+01   0.1716E+01
   0.9858E-01   0.6514E+00  -0.1176E+01  -0.2286E+01   0.1432E+01   0.1731E+01
   0.9858E-01   0.7236E+00  -0.3779E+00  -0.2047E+01   0.1310E+01   0.1212E+01
   0.1514E+00   0.6514E+00   0.9501E+00   0.1403E+00   0.8829E+00  -0.5452E+00
   0.1514E+00   0.7236E+00   0.5111E-01  -0.1655E+01   0.6760E+00   0.8018E+00
   0.2236E+00   0.6514E+00   0.5074E+01   0.4250E+01   0.5172E+00  -0.4662E+01
   0.2236E+00   0.7236E+00   0.3745E+01   0.2024E+01   0.2894E+00  -0.2884E+01
   0.2764E+00   0.6514E+00   0.1040E+02   0.9615E+01   0.2749E+00  -0.1001E+02
   0.2764E+00   0.7236E+00   0.7169E+01   0.5510E+01   0.1239E+00  -0.6339E+01
   0.3486E+00   0.6514E+00   0.1688E+02   0.1642E+02   0.4586E-01  -0.1665E+02
   0.3486E+00   0.7236E+00   0.1399E+02   0.1280E+02   0.3018E-01  -0.1340E+02
   0.4014E+00   0.6514E+00   0.2206E+02   0.2192E+02   0.2466E-01  -0.2199E+02
   0.4014E+00   0.7236E+00   0.1800E+02   0.1731E+02   0.3651E-01  -0.1765E+02
   0.4736E+00   0.6514E+00   0.2578E+02   0.2602E+02   0.7984E-01  -0.2590E+02
   0.4736E+00   0.7236E+00   0.2304E+02   0.2300E+02   0.1676E+00  -0.2302E+02
   0.5264E+00   0.6514E+00   0.2781E+02   0.2832E+02   0.1293E+00  -0.2806E+02
   0.5264E+00   0.7236E+00   0.2405E+02   0.2446E+02   0.2337E+00  -0.2426E+02
   0.5986E+00   0.6514E+00   0.2676E+02   0.2761E+02   0.1377E+00  -0.2719E+02
   0.5986E+00   0.7236E+00   0.2426E+02   0.2527E+02   0.2863E+00  -0.2477E+02
   0.6514E+00   0.6514E+00   0.2550E+02   0.2663E+02   0.9860E-01  -0.2606E+02
   0.6514E+00   0.7236E+00   0.2146E+02   0.2298E+02   0.2952E+00  -0.2222E+02
   0.7236E+00   0.6514E+00   0.2069E+02   0.2218E+02  -0.1078E+00  -0.2143E+02
   0.7236E+00   0.7236E+00   0.1749E+02   0.1958E+02   0.5581E-01  -0.1854E+02
   0.7764E+00   0.6514E+00   0.1731E+02   0.1972E+02  -0.4621E+00  -0.1851E+02
   0.7764E+00   0.7236E+00   0.1257E+02   0.1514E+02  -0.6881E-01  -0.1386E+02
   0.8486E+00   0.6514E+00   0.1019E+02   0.1290E+02  -0.2316E+01  -0.1154E+02
   0.8486E+00   0.7236E+00   0.6569E+01   0.1043E+02  -0.2220E+01  -0.8500E+01
   0.9014E+00   0.6514E+00   0.6743E+01   0.5041E+01  -0.2994E+00  -0.5892E+01
   0.9014E+00   0.7236E+00   0.1399E+01   0.1658E+01  -0.2368E+01  -0.1528E+01
   0.9736E+00   0.6514E+00   0.2999E+01   0.9778E-01   0.7583E+01  -0.1548E+01
   0.9736E+00   0.7236E+00  -0.6674E+00  -0.3003E+01   0.8777E+01   0.1835E+01
   0.2642E-01   0.7632E+00  -0.7007E+00  -0.1303E+01   0.1745E+01   0.1002E+01
   0.2642E-01   0.7993E+00  -0.1635E+01  -0.2014E+01   0.1599E+01   0.1824E+01
   0.9858E-01   0.7632E+00  -0.1288E+01  -0.3054E+01   0.1148E+01   0.2171E+01
   0.9858E-01   0.7993E+00  -0.8559E+00  -0.2414E+01   0.8858E+00   0.1635E+01
   0.1514E+00   0.7632E+00  -0.4518E-01  -0.2119E+01   0.4956E+00   0.1082E+01
   0.1514E+00   0.7993E+00  -0.1806E+01  -0.4248E+01   0.2740E+00   0.3027E+01
   0.2236E+00   0.7632E+00   0.1312E+01  -0.9689E+00   0.1110E+00  -0.1717E+00
   0.2236E+00   0.7993E+00   0.2832E+00  -0.2477E+01  -0.3875E-01   0.1097E+01
   0.2764E+00   0.7632E+00   0.5590E+01   0.3426E+01   0.2659E-01  -0.4508E+01
   0.2764E+00   0.7993E+00   0.2299E+01  -0.4432E+00  -0.9815E-01  -0.9279E+00
   0.3486E+00   0.7632E+00   0.1053E+02   0.8835E+01  -0.1491E-01  -0.9683E+01
   0.3486E+00   0.7993E+00   0.8796E+01   0.6670E+01  -0.2189E-01  -0.7733E+01
   0.4014E+00   0.7632E+00   0.1610E+02   0.1500E+02   0.5284E-01  -0.1555E+02
   0.4014E+00   0.7993E+00   0.1237E+02   0.1081E+02  -0.4682E-02  -0.1159E+02
   0.4736E+00   0.7632E+00   0.1961E+02   0.1931E+02   0.1786E+00  -0.1946E+02
   0.4736E+00   0.7993E+00   0.1824E+02   0.1768E+02   0.2305E+00  -0.1796E+02
   0.5264E+00   0.7632E+00   0.2256E+02   0.2283E+02   0.3066E+00  -0.2270E+02
   0.5264E+00   0.7993E+00   0.1901E+02   0.1906E+02   0.2691E+00  -0.1904E+02
   0.5986E+00   0.7632E+00   0.2092E+02   0.2200E+02   0.3438E+00  -0.2146E+02
   0.5986E+00   0.7993E+00   0.2008E+02   0.2114E+02   0.4784E+00  -0.2061E+02
   0.6514E+00   0.7632E+00   0.2009E+02   0.2171E+02   0.4283E+00  -0.2090E+02
   0.6514E+00   0.7993E+00   0.1651E+02   0.1812E+02   0.4518E+00  -0.1731E+02
   0.7236E+00   0.7632E+00   0.1360E+02   0.1608E+02   0.1463E+00  -0.1484E+02
   0.7236E+00   0.7993E+00   0.1263E+02   0.1529E+02   0.4539E+00  -0.1396E+02
   0.7764E+00   0.7632E+00   0.1060E+02   0.1328E+02   0.5725E-01  -0.1194E+02
   0.7764E+00   0.7993E+00   0.5991E+01   0.8708E+01   0.1672E+00  -0.7349E+01
   0.8486E+00   0.7632E+00   0.1286E+01   0.5700E+01  -0.1834E+01  -0.3493E+01
   0.8486E+00   0.7993E+00  -0.1593E+01   0.3138E+01  -0.1058E+01  -0.7722E+00
   0.9014E+00   0.7632E+00  -0.2420E+01  -0.1041E+01  -0.3605E+01   0.1731E+01
   0.9014E+00   0.7993E+00  -0.1100E+02  -0.8247E+01  -0.4650E+01   0.9622E+01
   0.9736E+00   0.7632E+00  -0.7353E+01  -0.9289E+01   0.9288E+01   0.8321E+01
   0.9736E+00   0.7993E+00  -0.1390E+02  -0.1534E+02   0.9587E+01   0.1462E+02
   0.2642E-01   0.8257E+00  -0.1077E+01  -0.1117E+01   0.1419E+01   0.1097E+01
   0.2642E-01   0.8618E+00  -0.1603E+01  -0.1042E+01   0.1498E+01   0.1322E+01
   0.9858E-01   0.8257E+00  -0.1937E+01  -0.3269E+01   0.5996E+00   0.2603E+01
   0.9858E-01   0.8618E+00  -0.2043E+01  -0.2771E+01   0.1317E+00   0.2407E+01
   0.1514E+00   0.8257E+00  -0.1937E+01  -0.4537E+01  -0.1015E-02   0.3237E+01
   0.1514E+00   0.8618E+00  -0.3711E+01  -0.6859E+01  -0.2258E+00   0.5285E+01
   0.2236E+00   0.8257E+00  -0.1991E+01  -0.5218E+01  -0.2365E+00   0.3605E+01
   0.2236E+00   0.8618E+00  -0.3557E+01  -0.7278E+01  -0.1810E+00   0.5417E+01
   0.2764E+00   0.8257E+00   0.1262E+01  -0.1848E+01  -0.2228E+00   0.2928E+00
   0.2764E+00   0.8618E+00  -0.1818E+01  -0.5616E+01  -0.2402E+00   0.3717E+01
   0.3486E+00   0.8257E+00   0.5874E+01   0.3340E+01  -0.1056E+00  -0.4607E+01
   0.3486E+00   0.8618E+00   0.3996E+01   0.1097E+01   0.1129E+00  -0.2546E+01
   0.4014E+00   0.8257E+00   0.1137E+02   0.9501E+01  -0.4163E-01  -0.1043E+02
   0.4014E+00   0.8618E+00   0.8027E+01   0.5547E+01  -0.7884E-01  -0.6787E+01
   0.4736E+00   0.8257E+00   0.1528E+02   0.1446E+02   0.2009E+00  -0.1487E+02
   0.4736E+00   0.8618E+00   0.1402E+02   0.1293E+02   0.5491E+00  -0.1348E+02
   0.5264E+00   0.8257E+00   0.1860E+02   0.1846E+02   0.2764E+00  -0.1853E+02
   0.5264E+00   0.8618E+00   0.1548E+02   0.1480E+02   0.2028E+00  -0.1514E+02
   0.5986E+00   0.8257E+00   0.1714E+02   0.1814E+02   0.5495E+00  -0.1764E+02
   0.5986E+00   0.8618E+00   0.1688E+02   0.1762E+02   0.1177E+01  -0.1725E+02
   0.6514E+00   0.8257E+00   0.1666E+02   0.1808E+02   0.5285E+00  -0.1737E+02
   0.6514E+00   0.8618E+00   0.1356E+02   0.1446E+02   0.5201E+00  -0.1401E+02
   0.7236E+00   0.8257E+00   0.9195E+01   0.1193E+02   0.7845E+00  -0.1056E+02
   0.7236E+00   0.8618E+00   0.9261E+01   0.1157E+02   0.1898E+01  -0.1042E+02
   0.7764E+00   0.8257E+00   0.5731E+01   0.8217E+01   0.2618E+00  -0.6974E+01
   0.7764E+00   0.8618E+00   0.1059E+01   0.3248E+01   0.3720E+00  -0.2153E+01
   0.8486E+00   0.8257E+00  -0.7601E+01  -0.2516E+01  -0.2123E+00   0.5059E+01
   0.8486E+00   0.8618E+00  -0.1180E+02  -0.6610E+01   0.1698E+01   0.9203E+01
   0.9014E+00   0.8257E+00  -0.1552E+02  -0.1165E+02  -0.5404E+01   0.1358E+02
   0.9014E+00   0.8618E+00  -0.3049E+02  -0.2403E+02  -0.6107E+01   0.2726E+02
   0.9736E+00   0.8257E+00  -0.2438E+02  -0.2528E+02   0.9794E+01   0.2483E+02
   0.9736E+00   0.8618E+00  -0.3954E+02  -0.3933E+02   0.9694E+01   0.3944E+02
   0.2642E-01   0.8882E+00  -0.1545E+01   0.1397E+00   0.1333E+01   0.7025E+00
   0.2642E-01   0.9243E+00   0.8874E+00   0.2980E+01   0.2348E+01  -0.1933E+01
   0.9858E-01   0.8882E+00  -0.2712E+01  -0.2794E+01  -0.8090E+00   0.2753E+01
   0.9858E-01   0.9243E+00  -0.2296E+01  -0.3037E+01   0.8277E-01   0.2667E+01
   0.1514E+00   0.8882E+00  -0.4319E+01  -0.8148E+01  -0.7947E+00   0.6234E+01
   0.1514E+00   0.9243E+00  -0.5298E+01  -0.1063E+02   0.1558E+01   0.7964E+01
   0.2236E+00   0.8882E+00  -0.5405E+01  -0.9610E+01  -0.2965E+00   0.7507E+01
   0.2236E+00   0.9243E+00  -0.7192E+01  -0.1181E+02   0.2373E+01   0.9503E+01
   0.2764E+00   0.8882E+00  -0.3001E+01  -0.7225E+01  -0.5130E+00   0.5113E+01
   0.2764E+00   0.9243E+00  -0.4723E+01  -0.9728E+01   0.1729E+01   0.7226E+01
   0.3486E+00   0.8882E+00   0.1819E+01  -0.1582E+01   0.2367E+00  -0.1186E+00
   0.3486E+00   0.9243E+00   0.1542E+00  -0.3755E+01   0.3057E+01   0.1801E+01
   0.4014E+00   0.8882E+00   0.7182E+01   0.4320E+01  -0.1614E+00  -0.5751E+01
   0.4014E+00   0.9243E+00   0.5528E+01   0.1773E+01   0.1910E+01  -0.3650E+01
   0.4736E+00   0.8882E+00   0.1182E+02   0.1018E+02   0.9962E+00  -0.1100E+02
   0.4736E+00   0.9243E+00   0.1073E+02   0.8564E+01   0.3946E+01  -0.9648E+01
   0.5264E+00   0.8882E+00   0.1554E+02   0.1441E+02   0.3668E+00  -0.1497E+02
   0.5264E+00   0.9243E+00   0.1418E+02   0.1188E+02   0.2149E+01  -0.1303E+02
   0.5986E+00   0.8882E+00   0.1452E+02   0.1464E+02   0.2011E+01  -0.1458E+02
   0.5986E+00   0.9243E+00   0.1428E+02   0.1399E+02   0.5164E+01  -0.1413E+02
   0.6514E+00   0.8882E+00   0.1480E+02   0.1506E+02   0.9467E+00  -0.1493E+02
   0.6514E+00   0.9243E+00   0.1336E+02   0.1227E+02   0.2134E+01  -0.1281E+02
   0.7236E+00   0.8882E+00   0.5635E+01   0.7527E+01   0.3135E+01  -0.6581E+01
   0.7236E+00   0.9243E+00   0.5998E+01   0.7686E+01   0.6701E+01  -0.6842E+01
   0.7764E+00   0.8882E+00   0.2566E+01   0.3882E+01   0.8283E+00  -0.3224E+01
   0.7764E+00   0.9243E+00  -0.1590E+01  -0.1131E+01   0.1015E+01   0.1361E+01
   0.8486E+00   0.8882E+00  -0.2084E+02  -0.1499E+02   0.3848E+01   0.1791E+02
   0.8486E+00   0.9243E+00  -0.2321E+02  -0.1816E+02   0.8534E+01   0.2068E+02
   0.9014E+00   0.8882E+00  -0.3919E+02  -0.3041E+02  -0.6535E+01   0.3480E+02
   0.9014E+00   0.9243E+00  -0.6439E+02  -0.4946E+02  -0.5428E+01   0.5692E+02
   0.9736E+00   0.8882E+00  -0.6080E+02  -0.5933E+02   0.9690E+01   0.6007E+02
   0.9736E+00   0.9243E+00  -0.9957E+02  -0.9459E+02   0.8857E+01   0.9708E+02
   0.2642E-01   0.9507E+00   0.9701E+01   0.5118E+01   0.1623E+01  -0.7409E+01
   0.2642E-01   0.9868E+00   0.1636E+02   0.1094E+02   0.3318E+02  -0.1365E+02
   0.9858E-01   0.9507E+00   0.1718E+00  -0.7718E+01   0.4889E+01   0.3773E+01
   0.9858E-01   0.9868E+00  -0.8899E+01  -0.1596E+02   0.2601E+02   0.1243E+02
   0.1514E+00   0.9507E+00  -0.5653E+01  -0.1136E+02   0.7710E+01   0.8509E+01
   0.1514E+00   0.9868E+00  -0.6177E+01  -0.8293E+01   0.2271E+02   0.7235E+01
   0.2236E+00   0.9507E+00  -0.8099E+01  -0.1376E+02   0.8167E+01   0.1093E+02
   0.2236E+00   0.9868E+00  -0.1250E+02  -0.1561E+02   0.1992E+02   0.1405E+02
   0.2764E+00   0.9507E+00  -0.5484E+01  -0.1058E+02   0.7140E+01   0.8031E+01
   0.2764E+00   0.9868E+00  -0.7451E+01  -0.9313E+01   0.1734E+02   0.8382E+01
   0.3486E+00   0.9507E+00  -0.1173E+01  -0.5667E+01   0.8317E+01   0.3420E+01
   0.3486E+00   0.9868E+00  -0.4369E+01  -0.6708E+01   0.1549E+02   0.5538E+01
   0.4014E+00   0.9507E+00   0.5057E+01   0.1375E+01   0.6271E+01  -0.3216E+01
   0.4014E+00   0.9868E+00   0.3023E+01   0.1880E+01   0.1322E+02  -0.2452E+01
   0.4736E+00   0.9507E+00   0.9214E+01   0.6286E+01   0.8338E+01  -0.7750E+01
   0.4736E+00   0.9868E+00   0.7183E+01   0.5424E+01   0.1246E+02  -0.6303E+01
   0.5264E+00   0.9507E+00   0.1423E+02   0.1234E+02   0.5352E+01  -0.1328E+02
   0.5264E+00   0.9868E+00   0.1237E+02   0.1220E+02   0.1050E+02  -0.1228E+02
   0.5986E+00   0.9507E+00   0.1256E+02   0.1112E+02   0.8709E+01  -0.1184E+02
   0.5986E+00   0.9868E+00   0.1188E+02   0.1054E+02   0.1103E+02  -0.1121E+02
   0.6514E+00   0.9507E+00   0.1414E+02   0.1408E+02   0.4300E+01  -0.1411E+02
   0.6514E+00   0.9868E+00   0.1222E+02   0.1309E+02   0.9147E+01  -0.1265E+02
   0.7236E+00   0.9507E+00   0.3275E+01   0.3044E+01   0.9607E+01  -0.3160E+01
   0.7236E+00   0.9868E+00   0.3477E+01   0.2393E+01   0.1113E+02  -0.2935E+01
   0.7764E+00   0.9507E+00  -0.6575E+00   0.2160E+01   0.2855E+01  -0.7511E+00
   0.7764E+00   0.9868E+00  -0.3303E+01  -0.9411E+00   0.9082E+01   0.2122E+01
   0.8486E+00   0.9507E+00  -0.3309E+02  -0.3049E+02   0.1065E+02   0.3179E+02
   0.8486E+00   0.9868E+00  -0.3662E+02  -0.3606E+02   0.1374E+02   0.3634E+02
   0.9014E+00   0.9507E+00  -0.6929E+02  -0.5109E+02   0.7761E+00   0.6019E+02
   0.9014E+00   0.9868E+00  -0.7033E+02  -0.6285E+02   0.1288E+02   0.6659E+02
   0.9736E+00   0.9507E+00  -0.1810E+03  -0.1609E+03   0.8796E+01   0.1710E+03
   0.9736E+00   0.9868E+00  -0.2329E+03  -0.2168E+03   0.2915E+02   0.2249E+03