   0.3125E-01   0.3125E-01   0.4787E+00   0.5044E+00   0.4916E-08  -0.4916E+00
   0.9375E-01   0.3125E-01   0.1698E+00   0.2734E+00  -0.2571E-01  -0.2216E+00
   0.1562E+00   0.3125E-01   0.5243E+00   0.7150E+00  -0.1036E+00  -0.6197E+00
   0.2188E+00   0.3125E-01   0.2163E+00   0.4542E+00  -0.2165E+00  -0.3352E+00
   0.2812E+00   0.3125E-01   0.5163E+00   0.7562E+00  -0.3415E+00  -0.6362E+00
   0.3438E+00   0.3125E-01   0.1307E+00   0.3327E+00  -0.4564E+00  -0.2317E+00
   0.4062E+00   0.3125E-01   0.3523E+00   0.4860E+00  -0.5435E+00  -0.4191E+00
   0.4688E+00   0.3125E-01  -0.9413E-01  -0.4748E-01  -0.5901E+00   0.7081E-01
   0.5312E+00   0.3125E-01   0.9413E-01   0.4748E-01  -0.5901E+00  -0.7081E-01
   0.5938E+00   0.3125E-01  -0.3523E+00  -0.4860E+00  -0.5435E+00   0.4191E+00
   0.6562E+00   0.3125E-01  -0.1307E+00  -0.3327E+00  -0.4564E+00   0.2317E+00
   0.7188E+00   0.3125E-01  -0.5163E+00  -0.7562E+00  -0.3415E+00   0.6362E+00
   0.7812E+00   0.3125E-01  -0.2163E+00  -0.4542E+00  -0.2165E+00   0.3352E+00
   0.8438E+00   0.3125E-01  -0.5243E+00  -0.7150E+00  -0.1036E+00   0.6197E+00
   0.9062E+00   0.3125E-01  -0.1698E+00  -0.2734E+00  -0.2571E-01   0.2216E+00
   0.9688E+00   0.3125E-01  -0.4787E+00  -0.5044E+00   0.4916E-08   0.4916E+00
   0.3125E-01   0.9375E-01   0.6282E-01   0.1696E+00   0.2571E-01  -0.1162E+00
   0.9375E-01   0.9375E-01   0.3248E+00   0.6598E+00  -0.3105E-02  -0.4923E+00
   0.1562E+00   0.9375E-01  -0.4903E-01   0.4911E+00  -0.9282E-01  -0.2210E+00
   0.2188E+00   0.9375E-01   0.2413E+00   0.8912E+00  -0.2018E+00  -0.5662E+00
   0.2812E+00   0.9375E-01  -0.1005E+00   0.5462E+00  -0.3120E+00  -0.2228E+00
   0.3438E+00   0.9375E-01   0.2056E+00   0.7471E+00  -0.4087E+00  -0.4763E+00
   0.4062E+00   0.9375E-01  -0.1325E+00   0.2249E+00  -0.4798E+00  -0.4623E-01
   0.4688E+00   0.9375E-01   0.1706E+00   0.2953E+00  -0.5175E+00  -0.2329E+00
   0.5312E+00   0.9375E-01  -0.1706E+00  -0.2953E+00  -0.5175E+00   0.2329E+00
   0.5938E+00   0.9375E-01   0.1325E+00  -0.2249E+00  -0.4798E+00   0.4623E-01
   0.6562E+00   0.9375E-01  -0.2056E+00  -0.7471E+00  -0.4087E+00   0.4763E+00
   0.7188E+00   0.9375E-01   0.1005E+00  -0.5462E+00  -0.3120E+00   0.2228E+00
   0.7812E+00   0.9375E-01  -0.2413E+00  -0.8912E+00  -0.2018E+00   0.5662E+00
   0.8438E+00   0.9375E-01   0.4903E-01  -0.4911E+00  -0.9282E-01   0.2210E+00
   0.9062E+00   0.9375E-01  -0.3248E+00  -0.6598E+00  -0.3105E-02   0.4923E+00
   0.9688E+00   0.9375E-01  -0.6282E-01  -0.1696E+00   0.2571E-01   0.1162E+00
   0.3125E-01   0.1562E+00   0.2480E+00   0.4603E+00   0.1067E+00  -0.3541E+00
   0.9375E-01   0.1562E+00  -0.1700E+00   0.4173E+00   0.7129E-01  -0.1237E+00
   0.1562E+00   0.1562E+00   0.7830E-01   0.9297E+00  -0.4093E-01  -0.5040E+00
   0.2188E+00   0.1562E+00  -0.2852E+00   0.6926E+00  -0.1768E+00  -0.2037E+00
   0.2812E+00   0.1562E+00   0.2904E-01   0.9809E+00  -0.3075E+00  -0.5050E+00
   0.3438E+00   0.1562E+00  -0.2732E+00   0.5146E+00  -0.4171E+00  -0.1207E+00
   0.4062E+00   0.1562E+00   0.8653E-01   0.6036E+00  -0.4951E+00  -0.3451E+00
   0.4688E+00   0.1562E+00  -0.1866E+00  -0.6801E-02  -0.5354E+00   0.9670E-01
   0.5312E+00   0.1562E+00   0.1866E+00   0.6801E-02  -0.5354E+00  -0.9670E-01
   0.5938E+00   0.1562E+00  -0.8653E-01  -0.6036E+00  -0.4951E+00   0.3451E+00
   0.6562E+00   0.1562E+00   0.2732E+00  -0.5146E+00  -0.4171E+00   0.1207E+00
   0.7188E+00   0.1562E+00  -0.2904E-01  -0.9809E+00  -0.3075E+00   0.5050E+00
   0.7812E+00   0.1562E+00   0.2852E+00  -0.6926E+00  -0.1768E+00   0.2037E+00
   0.8438E+00   0.1562E+00  -0.7830E-01  -0.9297E+00  -0.4093E-01   0.5040E+00
   0.9062E+00   0.1562E+00   0.1700E+00  -0.4173E+00   0.7129E-01   0.1237E+00
   0.9688E+00   0.1562E+00  -0.2480E+00  -0.4603E+00   0.1067E+00   0.3541E+00
   0.3125E-01   0.2188E+00  -0.1793E+00   0.1299E+00   0.2380E+00   0.2469E-01
   0.9375E-01   0.2188E+00   0.1130E-01   0.8408E+00   0.1682E+00  -0.4260E+00
   0.1562E+00   0.2188E+00  -0.3943E+00   0.7587E+00   0.1874E-01  -0.1822E+00
   0.2188E+00   0.2188E+00  -0.1083E+00   0.1171E+01  -0.1585E+00  -0.5315E+00
   0.2812E+00   0.2188E+00  -0.4203E+00   0.7976E+00  -0.3268E+00  -0.1886E+00
   0.3438E+00   0.2188E+00  -0.5100E-01   0.9425E+00  -0.4646E+00  -0.4458E+00
   0.4062E+00   0.2188E+00  -0.2981E+00   0.3482E+00  -0.5606E+00  -0.2507E-01
   0.4688E+00   0.2188E+00   0.1132E+00   0.3371E+00  -0.6096E+00  -0.2252E+00
   0.5312E+00   0.2188E+00  -0.1132E+00  -0.3371E+00  -0.6096E+00   0.2252E+00
   0.5938E+00   0.2188E+00   0.2981E+00  -0.3482E+00  -0.5606E+00   0.2507E-01
   0.6562E+00   0.2188E+00   0.5100E-01  -0.9425E+00  -0.4646E+00   0.4458E+00
   0.7188E+00   0.2188E+00   0.4203E+00  -0.7976E+00  -0.3268E+00   0.1886E+00
   0.7812E+00   0.2188E+00   0.1083E+00  -0.1171E+01  -0.1585E+00   0.5315E+00
   0.8438E+00   0.2188E+00   0.3943E+00  -0.7587E+00   0.1874E-01   0.1822E+00
   0.9062E+00   0.2188E+00  -0.1130E-01  -0.8408E+00   0.1682E+00   0.4260E+00
   0.9688E+00   0.2188E+00   0.1793E+00  -0.1299E+00   0.2380E+00  -0.2469E-01
   0.3125E-01   0.2812E+00   0.8985E-01   0.4917E+00   0.4160E+00  -0.2908E+00
   0.9375E-01   0.2812E+00  -0.3972E+00   0.6674E+00   0.2866E+00  -0.1351E+00
   0.1562E+00   0.2812E+00  -0.1695E+00   0.1280E+01   0.7854E-01  -0.5552E+00
   0.2188E+00   0.2812E+00  -0.5202E+00   0.1053E+01  -0.1532E+00  -0.2662E+00
   0.2812E+00   0.2812E+00  -0.1718E+00   0.1295E+01  -0.3676E+00  -0.5617E+00
   0.3438E+00   0.2812E+00  -0.4250E+00   0.7530E+00  -0.5392E+00  -0.1640E+00
   0.4062E+00   0.2812E+00  -0.7881E-02   0.7505E+00  -0.6566E+00  -0.3713E+00
   0.4688E+00   0.2812E+00  -0.2183E+00   0.4290E-01  -0.7156E+00   0.8770E-01
   0.5312E+00   0.2812E+00   0.2183E+00  -0.4290E-01  -0.7156E+00  -0.8770E-01
   0.5938E+00   0.2812E+00   0.7881E-02  -0.7505E+00  -0.6566E+00   0.3713E+00
   0.6562E+00   0.2812E+00   0.4250E+00  -0.7530E+00  -0.5392E+00   0.1640E+00
   0.7188E+00   0.2812E+00   0.1718E+00  -0.1295E+01  -0.3676E+00   0.5617E+00
   0.7812E+00   0.2812E+00   0.5202E+00  -0.1053E+01  -0.1532E+00   0.2662E+00
   0.8438E+00   0.2812E+00   0.1695E+00  -0.1280E+01   0.7854E-01   0.5552E+00
   0.9062E+00   0.2812E+00   0.3972E+00  -0.6674E+00   0.2866E+00   0.1351E+00
   0.9688E+00   0.2812E+00  -0.8985E-01  -0.4917E+00   0.4160E+00   0.2908E+00
   0.3125E-01   0.3438E+00  -0.2166E+00   0.2803E+00   0.6399E+00  -0.3184E-01
   0.9375E-01   0.3438E+00  -0.9376E-01   0.1210E+01   0.4269E+00  -0.5580E+00
   0.1562E+00   0.3438E+00  -0.5213E+00   0.1223E+01   0.1390E+00  -0.3510E+00
   0.2188E+00   0.3438E+00  -0.2220E+00   0.1633E+01  -0.1603E+00  -0.7054E+00
   0.2812E+00   0.3438E+00  -0.5046E+00   0.1191E+01  -0.4246E+00  -0.3430E+00
   0.3438E+00   0.3438E+00  -0.1044E+00   0.1233E+01  -0.6288E+00  -0.5642E+00
   0.4062E+00   0.3438E+00  -0.3254E+00   0.5241E+00  -0.7638E+00  -0.9933E-01
   0.4688E+00   0.3438E+00   0.1046E+00   0.3954E+00  -0.8303E+00  -0.2500E+00
   0.5312E+00   0.3438E+00  -0.1046E+00  -0.3954E+00  -0.8303E+00   0.2500E+00
   0.5938E+00   0.3438E+00   0.3254E+00  -0.5241E+00  -0.7638E+00   0.9933E-01
   0.6562E+00   0.3438E+00   0.1044E+00  -0.1233E+01  -0.6288E+00   0.5642E+00
   0.7188E+00   0.3438E+00   0.5046E+00  -0.1191E+01  -0.4246E+00   0.3430E+00
   0.7812E+00   0.3438E+00   0.2220E+00  -0.1633E+01  -0.1603E+00   0.7054E+00
   0.8438E+00   0.3438E+00   0.5213E+00  -0.1223E+01   0.1390E+00   0.3510E+00
   0.9062E+00   0.3438E+00   0.9376E-01  -0.1210E+01   0.4269E+00   0.5580E+00
   0.9688E+00   0.3438E+00   0.2166E+00  -0.2803E+00   0.6399E+00   0.3184E-01
   0.3125E-01   0.4062E+00   0.2093E+00   0.8085E+00   0.9128E+00  -0.5089E+00
   0.9375E-01   0.4062E+00  -0.3494E+00   0.1204E+01   0.5890E+00  -0.4273E+00
   0.1562E+00   0.4062E+00  -0.1409E+00   0.1895E+01   0.1990E+00  -0.8769E+00
   0.2188E+00   0.4062E+00  -0.4795E+00   0.1631E+01  -0.1775E+00  -0.5756E+00
   0.2812E+00   0.4062E+00  -0.1112E+00   0.1767E+01  -0.4900E+00  -0.8279E+00
   0.3438E+00   0.4062E+00  -0.3572E+00   0.1089E+01  -0.7168E+00  -0.3661E+00
   0.4062E+00   0.4062E+00   0.4474E-01   0.9473E+00  -0.8590E+00  -0.4960E+00
   0.4688E+00   0.4062E+00  -0.1978E+00   0.1078E+00  -0.9261E+00   0.4504E-01
   0.5312E+00   0.4062E+00   0.1978E+00  -0.1078E+00  -0.9261E+00  -0.4504E-01
   0.5938E+00   0.4062E+00  -0.4474E-01  -0.9473E+00  -0.8590E+00   0.4960E+00
   0.6562E+00   0.4062E+00   0.3572E+00  -0.1089E+01  -0.7168E+00   0.3661E+00
   0.7188E+00   0.4062E+00   0.1112E+00  -0.1767E+01  -0.4900E+00   0.8279E+00
   0.7812E+00   0.4062E+00   0.4795E+00  -0.1631E+01  -0.1775E+00   0.5756E+00
   0.8438E+00   0.4062E+00   0.1409E+00  -0.1895E+01   0.1990E+00   0.8769E+00
   0.9062E+00   0.4062E+00   0.3494E+00  -0.1204E+01   0.5890E+00   0.4273E+00
   0.9688E+00   0.4062E+00  -0.2093E+00  -0.8085E+00   0.9128E+00   0.5089E+00
   0.3125E-01   0.4688E+00   0.1027E+00   0.8157E+00   0.1239E+01  -0.4592E+00
   0.9375E-01   0.4688E+00   0.1545E+00   0.1969E+01   0.7703E+00  -0.1062E+01
   0.1562E+00   0.4688E+00  -0.2862E+00   0.2020E+01   0.2547E+00  -0.8670E+00
   0.2188E+00   0.4688E+00   0.3100E-01   0.2334E+01  -0.2046E+00  -0.1182E+01
   0.2812E+00   0.4688E+00  -0.2434E+00   0.1726E+01  -0.5524E+00  -0.7413E+00
   0.3438E+00   0.4688E+00   0.1289E+00   0.1590E+01  -0.7810E+00  -0.8597E+00
   0.4062E+00   0.4688E+00  -0.1621E+00   0.7233E+00  -0.9095E+00  -0.2806E+00
   0.4688E+00   0.4688E+00   0.1624E+00   0.4578E+00  -0.9652E+00  -0.3101E+00
   0.5312E+00   0.4688E+00  -0.1624E+00  -0.4578E+00  -0.9652E+00   0.3101E+00
   0.5938E+00   0.4688E+00   0.1621E+00  -0.7233E+00  -0.9095E+00   0.2806E+00
   0.6562E+00   0.4688E+00  -0.1289E+00  -0.1590E+01  -0.7810E+00   0.8597E+00
   0.7188E+00   0.4688E+00   0.2434E+00  -0.1726E+01  -0.5524E+00   0.7413E+00
   0.7812E+00   0.4688E+00  -0.3100E-01  -0.2334E+01  -0.2046E+00   0.1182E+01
   0.8438E+00   0.4688E+00   0.2862E+00  -0.2020E+01   0.2547E+00   0.8670E+00
   0.9062E+00   0.4688E+00  -0.1545E+00  -0.1969E+01   0.7703E+00   0.1062E+01
   0.9688E+00   0.4688E+00  -0.1027E+00  -0.8157E+00   0.1239E+01   0.4592E+00
   0.3125E-01   0.5312E+00   0.7972E+00   0.1638E+01   0.1626E+01  -0.1218E+01
   0.9375E-01   0.5312E+00   0.1660E+00   0.2249E+01   0.9638E+00  -0.1208E+01
   0.1562E+00   0.5312E+00   0.3841E+00   0.2905E+01   0.2950E+00  -0.1644E+01
   0.2188E+00   0.5312E+00   0.7407E-01   0.2441E+01  -0.2414E+00  -0.1258E+01
   0.2812E+00   0.5312E+00   0.4342E+00   0.2326E+01  -0.5955E+00  -0.1380E+01
   0.3438E+00   0.5312E+00   0.1093E+00   0.1423E+01  -0.7866E+00  -0.7660E+00
   0.4062E+00   0.5312E+00   0.3574E+00   0.1112E+01  -0.8696E+00  -0.7347E+00
   0.4688E+00   0.5312E+00  -0.8644E-01   0.1573E+00  -0.8960E+00  -0.3542E-01
   0.5312E+00   0.5312E+00   0.8644E-01  -0.1573E+00  -0.8960E+00   0.3542E-01
   0.5938E+00   0.5312E+00  -0.3574E+00  -0.1112E+01  -0.8696E+00   0.7347E+00
   0.6562E+00   0.5312E+00  -0.1093E+00  -0.1423E+01  -0.7866E+00   0.7660E+00
   0.7188E+00   0.5312E+00  -0.4342E+00  -0.2326E+01  -0.5955E+00   0.1380E+01
   0.7812E+00   0.5312E+00  -0.7407E-01  -0.2441E+01  -0.2414E+00   0.1258E+01
   0.8438E+00   0.5312E+00  -0.3841E+00  -0.2905E+01   0.2950E+00   0.1644E+01
   0.9062E+00   0.5312E+00  -0.1660E+00  -0.2249E+01   0.9638E+00   0.1208E+01
   0.9688E+00   0.5312E+00  -0.7972E+00  -0.1638E+01   0.1626E+01   0.1218E+01
   0.3125E-01   0.5938E+00   0.1054E+01   0.2042E+01   0.2080E+01  -0.1548E+01
   0.9375E-01   0.5938E+00   0.1049E+01   0.3389E+01   0.1153E+01  -0.2219E+01
   0.1562E+00   0.5938E+00   0.6519E+00   0.3261E+01   0.3022E+00  -0.1956E+01
   0.2188E+00   0.5938E+00   0.1018E+01   0.3210E+01  -0.2870E+00  -0.2114E+01
   0.2812E+00   0.5938E+00   0.7008E+00   0.2231E+01  -0.5876E+00  -0.1466E+01
   0.3438E+00   0.5938E+00   0.9060E+00   0.1822E+01  -0.6820E+00  -0.1364E+01
   0.4062E+00   0.5938E+00   0.3473E+00   0.8054E+00  -0.6760E+00  -0.5763E+00
   0.4688E+00   0.5938E+00   0.3370E+00   0.4733E+00  -0.6526E+00  -0.4052E+00
   0.5312E+00   0.5938E+00  -0.3370E+00  -0.4733E+00  -0.6526E+00   0.4052E+00
   0.5938E+00   0.5938E+00  -0.3473E+00  -0.8054E+00  -0.6760E+00   0.5763E+00
   0.6562E+00   0.5938E+00  -0.9060E+00  -0.1822E+01  -0.6820E+00   0.1364E+01
   0.7188E+00   0.5938E+00  -0.7008E+00  -0.2231E+01  -0.5876E+00   0.1466E+01
   0.7812E+00   0.5938E+00  -0.1018E+01  -0.3210E+01  -0.2870E+00   0.2114E+01
   0.8438E+00   0.5938E+00  -0.6519E+00  -0.3261E+01   0.3022E+00   0.1956E+01
   0.9062E+00   0.5938E+00  -0.1049E+01  -0.3389E+01   0.1153E+01   0.2219E+01
   0.9688E+00   0.5938E+00  -0.1054E+01  -0.2042E+01   0.2080E+01   0.1548E+01
   0.3125E-01   0.6562E+00   0.2279E+01   0.3435E+01   0.2613E+01  -0.2857E+01
   0.9375E-01   0.6562E+00   0.1608E+01   0.4155E+01   0.1307E+01  -0.2881E+01
   0.1562E+00   0.6562E+00   0.1940E+01   0.4373E+01   0.2490E+00  -0.3157E+01
   0.2188E+00   0.6562E+00   0.1681E+01   0.3278E+01  -0.3196E+00  -0.2479E+01
   0.2812E+00   0.6562E+00   0.1907E+01   0.2644E+01  -0.4666E+00  -0.2276E+01
   0.3438E+00   0.6562E+00   0.1268E+01   0.1452E+01  -0.3855E+00  -0.1360E+01
   0.4062E+00   0.6562E+00   0.1083E+01   0.1048E+01  -0.2509E+00  -0.1065E+01
   0.4688E+00   0.6562E+00   0.1623E+00   0.1256E+00  -0.1625E+00  -0.1439E+00
   0.5312E+00   0.6562E+00  -0.1623E+00  -0.1256E+00  -0.1625E+00   0.1439E+00
   0.5938E+00   0.6562E+00  -0.1083E+01  -0.1048E+01  -0.2509E+00   0.1065E+01
   0.6562E+00   0.6562E+00  -0.1268E+01  -0.1452E+01  -0.3855E+00   0.1360E+01
   0.7188E+00   0.6562E+00  -0.1907E+01  -0.2644E+01  -0.4666E+00   0.2276E+01
   0.7812E+00   0.6562E+00  -0.1681E+01  -0.3278E+01  -0.3196E+00   0.2479E+01
   0.8438E+00   0.6562E+00  -0.1940E+01  -0.4373E+01   0.2490E+00   0.3157E+01
   0.9062E+00   0.6562E+00  -0.1608E+01  -0.4155E+01   0.1307E+01   0.2881E+01
   0.9688E+00   0.6562E+00  -0.2279E+01  -0.3435E+01   0.2613E+01   0.2857E+01
   0.3125E-01   0.7188E+00   0.3341E+01   0.4686E+01   0.3236E+01  -0.4014E+01
   0.9375E-01   0.7188E+00   0.3367E+01   0.5945E+01   0.1368E+01  -0.4656E+01
   0.1562E+00   0.7188E+00   0.3148E+01   0.4866E+01   0.1293E+00  -0.4007E+01
   0.2188E+00   0.7188E+00   0.3478E+01   0.3797E+01  -0.2561E+00  -0.3638E+01
   0.2812E+00   0.7188E+00   0.2796E+01   0.2181E+01  -0.1017E+00  -0.2488E+01
   0.3438E+00   0.7188E+00   0.2432E+01   0.1542E+01   0.2155E+00  -0.1987E+01
   0.4062E+00   0.7188E+00   0.1257E+01   0.5619E+00   0.4863E+00  -0.9096E+00
   0.4688E+00   0.7188E+00   0.6323E+00   0.3777E+00   0.6301E+00  -0.5050E+00
   0.5312E+00   0.7188E+00  -0.6323E+00  -0.3777E+00   0.6301E+00   0.5050E+00
   0.5938E+00   0.7188E+00  -0.1257E+01  -0.5619E+00   0.4863E+00   0.9096E+00
   0.6562E+00   0.7188E+00  -0.2432E+01  -0.1542E+01   0.2155E+00   0.1987E+01
   0.7188E+00   0.7188E+00  -0.2796E+01  -0.2181E+01  -0.1017E+00   0.2488E+01
   0.7812E+00   0.7188E+00  -0.3478E+01  -0.3797E+01  -0.2561E+00   0.3638E+01
   0.8438E+00   0.7188E+00  -0.3148E+01  -0.4866E+01   0.1293E+00   0.4007E+01
   0.9062E+00   0.7188E+00  -0.3367E+01  -0.5945E+01   0.1368E+01   0.4656E+01
   0.9688E+00   0.7188E+00  -0.3341E+01  -0.4686E+01   0.3236E+01   0.4014E+01
   0.3125E-01   0.7656E+00   0.5361E+01   0.6863E+01   0.3755E+01  -0.6112E+01
   0.9375E-01   0.7656E+00   0.4417E+01   0.6838E+01   0.1296E+01  -0.5627E+01
   0.1562E+00   0.7656E+00   0.5251E+01   0.5914E+01  -0.1211E-01  -0.5582E+01
   0.2188E+00   0.7656E+00   0.4413E+01   0.3235E+01  -0.7155E-01  -0.3824E+01
   0.2812E+00   0.7656E+00   0.4327E+01   0.2358E+01   0.4123E+00  -0.3343E+01
   0.3438E+00   0.7656E+00   0.2633E+01   0.7913E+00   0.9188E+00  -0.1712E+01
   0.4062E+00   0.7656E+00   0.2078E+01   0.8514E+00   0.1255E+01  -0.1465E+01
   0.4688E+00   0.7656E+00   0.2876E+00  -0.1426E+00   0.1419E+01  -0.7247E-01
   0.5312E+00   0.7656E+00  -0.2876E+00   0.1426E+00   0.1419E+01   0.7247E-01
   0.5938E+00   0.7656E+00  -0.2078E+01  -0.8514E+00   0.1255E+01   0.1465E+01
   0.6562E+00   0.7656E+00  -0.2633E+01  -0.7913E+00   0.9188E+00   0.1712E+01
   0.7188E+00   0.7656E+00  -0.4327E+01  -0.2358E+01   0.4123E+00   0.3343E+01
   0.7812E+00   0.7656E+00  -0.4413E+01  -0.3235E+01  -0.7155E-01   0.3824E+01
   0.8438E+00   0.7656E+00  -0.5251E+01  -0.5914E+01  -0.1211E-01   0.5582E+01
   0.9062E+00   0.7656E+00  -0.4417E+01  -0.6838E+01   0.1296E+01   0.5627E+01
   0.9688E+00   0.7656E+00  -0.5361E+01  -0.6863E+01   0.3755E+01   0.6112E+01
   0.3125E-01   0.7969E+00   0.6067E+01   0.7681E+01   0.4147E+01  -0.6874E+01
   0.9375E-01   0.7969E+00   0.6569E+01   0.8605E+01   0.1169E+01  -0.7587E+01
   0.1562E+00   0.7969E+00   0.6072E+01   0.5468E+01  -0.4058E-01  -0.5770E+01
   0.2188E+00   0.7969E+00   0.6261E+01   0.3625E+01   0.2631E+00  -0.4943E+01
   0.2812E+00   0.7969E+00   0.4436E+01   0.1400E+01   0.9980E+00  -0.2918E+01
   0.3438E+00   0.7969E+00   0.3647E+01   0.1186E+01   0.1557E+01  -0.2417E+01
   0.4062E+00   0.7969E+00   0.1673E+01   0.1233E+00   0.1893E+01  -0.8982E+00
   0.4688E+00   0.7969E+00   0.9318E+00   0.4173E+00   0.2039E+01  -0.6745E+00
   0.5312E+00   0.7969E+00  -0.9318E+00  -0.4173E+00   0.2039E+01   0.6745E+00
   0.5938E+00   0.7969E+00  -0.1673E+01  -0.1233E+00   0.1893E+01   0.8982E+00
   0.6562E+00   0.7969E+00  -0.3647E+01  -0.1186E+01   0.1557E+01   0.2417E+01
   0.7188E+00   0.7969E+00  -0.4436E+01  -0.1400E+01   0.9980E+00   0.2918E+01
   0.7812E+00   0.7969E+00  -0.6261E+01  -0.3625E+01   0.2631E+00   0.4943E+01
   0.8438E+00   0.7969E+00  -0.6072E+01  -0.5468E+01  -0.4058E-01   0.5770E+01
   0.9062E+00   0.7969E+00  -0.6569E+01  -0.8605E+01   0.1169E+01   0.7587E+01
   0.9688E+00   0.7969E+00  -0.6067E+01  -0.7681E+01   0.4147E+01   0.6874E+01
   0.3125E-01   0.8281E+00   0.8714E+01   0.1036E+02   0.4594E+01  -0.9535E+01
   0.9375E-01   0.8281E+00   0.7821E+01   0.9076E+01   0.9521E+00  -0.8449E+01
   0.1562E+00   0.8281E+00   0.8649E+01   0.6156E+01   0.5523E-01  -0.7402E+01
   0.2188E+00   0.8281E+00   0.6829E+01   0.2502E+01   0.9036E+00  -0.4665E+01
   0.2812E+00   0.8281E+00   0.5695E+01   0.1664E+01   0.1796E+01  -0.3680E+01
   0.3438E+00   0.8281E+00   0.3342E+01   0.3803E+00   0.2336E+01  -0.1861E+01
   0.4062E+00   0.8281E+00   0.2346E+01   0.5899E+00   0.2588E+01  -0.1468E+01
   0.4688E+00   0.8281E+00   0.4335E+00  -0.1712E+00   0.2710E+01  -0.1312E+00
   0.5312E+00   0.8281E+00  -0.4335E+00   0.1712E+00   0.2710E+01   0.1312E+00
   0.5938E+00   0.8281E+00  -0.2346E+01  -0.5899E+00   0.2588E+01   0.1468E+01
   0.6562E+00   0.8281E+00  -0.3342E+01  -0.3803E+00   0.2336E+01   0.1861E+01
   0.7188E+00   0.8281E+00  -0.5695E+01  -0.1664E+01   0.1796E+01   0.3680E+01
   0.7812E+00   0.8281E+00  -0.6829E+01  -0.2502E+01   0.9036E+00   0.4665E+01
   0.8438E+00   0.8281E+00  -0.8649E+01  -0.6156E+01   0.5523E-01   0.7402E+01
   0.9062E+00   0.8281E+00  -0.7821E+01  -0.9076E+01   0.9521E+00   0.8449E+01
   0.9688E+00   0.8281E+00  -0.8714E+01  -0.1036E+02   0.4594E+01   0.9535E+01
   0.3125E-01   0.8594E+00   0.1059E+02   0.1211E+02   0.5027E+01  -0.1135E+02
   0.9375E-01   0.8594E+00   0.1147E+02   0.1109E+02   0.6657E+00  -0.1128E+02
   0.1562E+00   0.8594E+00   0.1008E+02   0.4975E+01   0.5443E+00  -0.7528E+01
   0.2188E+00   0.8594E+00   0.8641E+01   0.2570E+01   0.1956E+01  -0.5606E+01
   0.2812E+00   0.8594E+00   0.5431E+01   0.7088E+00   0.2868E+01  -0.3070E+01
   0.3438E+00   0.8594E+00   0.3973E+01   0.7888E+00   0.3171E+01  -0.2381E+01
   0.4062E+00   0.8594E+00   0.1917E+01   0.2285E-01   0.3343E+01  -0.9697E+00
   0.4688E+00   0.8594E+00   0.8523E+00   0.2710E+00   0.3393E+01  -0.5616E+00
   0.5312E+00   0.8594E+00  -0.8523E+00  -0.2710E+00   0.3393E+01   0.5616E+00
   0.5938E+00   0.8594E+00  -0.1917E+01  -0.2285E-01   0.3343E+01   0.9697E+00
   0.6562E+00   0.8594E+00  -0.3973E+01  -0.7888E+00   0.3171E+01   0.2381E+01
   0.7188E+00   0.8594E+00  -0.5431E+01  -0.7088E+00   0.2868E+01   0.3070E+01
   0.7812E+00   0.8594E+00  -0.8641E+01  -0.2570E+01   0.1956E+01   0.5606E+01
   0.8438E+00   0.8594E+00  -0.1008E+02  -0.4975E+01   0.5443E+00   0.7528E+01
   0.9062E+00   0.8594E+00  -0.1147E+02  -0.1109E+02   0.6657E+00   0.1128E+02
   0.9688E+00   0.8594E+00  -0.1059E+02  -0.1211E+02   0.5027E+01   0.1135E+02
   0.3125E-01   0.8906E+00   0.1599E+02   0.1674E+02   0.5587E+01  -0.1637E+02
   0.9375E-01   0.8906E+00   0.1433E+02   0.1105E+02   0.5216E+00  -0.1269E+02
   0.1562E+00   0.8906E+00   0.1345E+02   0.4864E+01   0.1794E+01  -0.9156E+01
   0.2188E+00   0.8906E+00   0.8353E+01   0.1154E+01   0.3692E+01  -0.4753E+01
   0.2812E+00   0.8906E+00   0.5899E+01   0.1159E+01   0.3996E+01  -0.3529E+01
   0.3438E+00   0.8906E+00   0.3521E+01   0.2887E+00   0.4084E+01  -0.1905E+01
   0.4062E+00   0.8906E+00   0.2078E+01   0.3325E+00   0.4088E+01  -0.1205E+01
   0.4688E+00   0.8906E+00   0.5800E+00  -0.1437E-01   0.4059E+01  -0.2828E+00
   0.5312E+00   0.8906E+00  -0.5800E+00   0.1437E-01   0.4059E+01   0.2828E+00
   0.5938E+00   0.8906E+00  -0.2078E+01  -0.3325E+00   0.4088E+01   0.1205E+01
   0.6562E+00   0.8906E+00  -0.3521E+01  -0.2887E+00   0.4084E+01   0.1905E+01
   0.7188E+00   0.8906E+00  -0.5899E+01  -0.1159E+01   0.3996E+01   0.3529E+01
   0.7812E+00   0.8906E+00  -0.8353E+01  -0.1154E+01   0.3692E+01   0.4753E+01
   0.8438E+00   0.8906E+00  -0.1345E+02  -0.4864E+01   0.1794E+01   0.9156E+01
   0.9062E+00   0.8906E+00  -0.1433E+02  -0.1105E+02   0.5216E+00   0.1269E+02
   0.9688E+00   0.8906E+00  -0.1599E+02  -0.1674E+02   0.5587E+01   0.1637E+02
   0.3125E-01   0.9219E+00   0.2147E+02   0.2009E+02   0.5923E+01  -0.2078E+02
   0.9375E-01   0.9219E+00   0.2200E+02   0.1269E+02   0.1156E+01  -0.1734E+02
   0.1562E+00   0.9219E+00   0.1341E+02   0.1890E+01   0.5013E+01  -0.7652E+01
   0.2188E+00   0.9219E+00   0.8198E+01   0.1797E+01   0.5561E+01  -0.4998E+01
   0.2812E+00   0.9219E+00   0.5347E+01   0.8700E+00   0.5159E+01  -0.3108E+01
   0.3438E+00   0.9219E+00   0.3154E+01   0.4550E+00   0.5007E+01  -0.1805E+01
   0.4062E+00   0.9219E+00   0.1843E+01   0.3397E+00   0.4755E+01  -0.1091E+01
   0.4688E+00   0.9219E+00   0.4924E+00   0.1273E-01   0.4677E+01  -0.2526E+00
   0.5312E+00   0.9219E+00  -0.4924E+00  -0.1273E-01   0.4677E+01   0.2526E+00
   0.5938E+00   0.9219E+00  -0.1843E+01  -0.3397E+00   0.4755E+01   0.1091E+01
   0.6562E+00   0.9219E+00  -0.3154E+01  -0.4550E+00   0.5007E+01   0.1805E+01
   0.7188E+00   0.9219E+00  -0.5347E+01  -0.8700E+00   0.5159E+01   0.3108E+01
   0.7812E+00   0.9219E+00  -0.8198E+01  -0.1797E+01   0.5561E+01   0.4998E+01
   0.8438E+00   0.9219E+00  -0.1341E+02  -0.1890E+01   0.5013E+01   0.7652E+01
   0.9062E+00   0.9219E+00  -0.2200E+02  -0.1269E+02   0.1156E+01   0.1734E+02
   0.9688E+00   0.9219E+00  -0.2147E+02  -0.2009E+02   0.5923E+01   0.2078E+02
   0.3125E-01   0.9531E+00   0.4297E+02   0.3224E+02   0.7605E+01  -0.3761E+02
   0.9375E-01   0.9531E+00   0.2404E+02   0.7138E+01   0.6863E+01  -0.1559E+02
   0.1562E+00   0.9531E+00   0.1093E+02   0.2088E+01   0.9231E+01  -0.6509E+01
   0.2188E+00   0.9531E+00   0.7426E+01   0.2538E+01   0.6999E+01  -0.4982E+01
   0.2812E+00   0.9531E+00   0.3902E+01   0.6713E+00   0.6462E+01  -0.2287E+01
   0.3438E+00   0.9531E+00   0.2840E+01   0.1027E+01   0.5688E+01  -0.1933E+01
   0.4062E+00   0.9531E+00   0.1190E+01   0.1199E+00   0.5382E+01  -0.6549E+00
   0.4688E+00   0.9531E+00   0.6229E+00   0.3436E+00   0.5175E+01  -0.4833E+00
   0.5312E+00   0.9531E+00  -0.6229E+00  -0.3436E+00   0.5175E+01   0.4833E+00
   0.5938E+00   0.9531E+00  -0.1190E+01  -0.1199E+00   0.5382E+01   0.6549E+00
   0.6562E+00   0.9531E+00  -0.2840E+01  -0.1027E+01   0.5688E+01   0.1933E+01
   0.7188E+00   0.9531E+00  -0.3902E+01  -0.6713E+00   0.6462E+01   0.2287E+01
   0.7812E+00   0.9531E+00  -0.7426E+01  -0.2538E+01   0.6999E+01   0.4982E+01
   0.8438E+00   0.9531E+00  -0.1093E+02  -0.2088E+01   0.9231E+01   0.6509E+01
   0.9062E+00   0.9531E+00  -0.2404E+02  -0.7138E+01   0.6863E+01   0.1559E+02
   0.9688E+00   0.9531E+00  -0.4297E+02  -0.3224E+02   0.7605E+01   0.3761E+02
   0.3125E-01   0.9844E+00   0.5303E+02   0.4373E+02   0.2851E+02  -0.4838E+02
   0.9375E-01   0.9844E+00   0.1259E+02   0.2456E+01   0.1657E+02  -0.7521E+01
   0.1562E+00   0.9844E+00   0.9228E+01   0.6614E+01   0.1138E+02  -0.7921E+01
   0.2188E+00   0.9844E+00   0.3703E+01   0.1481E+01   0.8671E+01  -0.2592E+01
   0.2812E+00   0.9844E+00   0.3310E+01   0.2296E+01   0.7240E+01  -0.2803E+01
   0.3438E+00   0.9844E+00   0.1301E+01   0.5489E+00   0.6288E+01  -0.9251E+00
   0.4062E+00   0.9844E+00   0.1191E+01   0.8702E+00   0.5799E+01  -0.1031E+01
   0.4688E+00   0.9844E+00   0.3908E-01  -0.1103E+00   0.5548E+01   0.3562E-01
   0.5312E+00   0.9844E+00  -0.3908E-01   0.1103E+00   0.5548E+01  -0.3562E-01
   0.5938E+00   0.9844E+00  -0.1191E+01  -0.8702E+00   0.5799E+01   0.1031E+01
   0.6562E+00   0.9844E+00  -0.1301E+01  -0.5489E+00   0.6288E+01   0.9251E+00
   0.7188E+00   0.9844E+00  -0.3310E+01  -0.2296E+01   0.7240E+01   0.2803E+01
   0.7812E+00   0.9844E+00  -0.3703E+01  -0.1481E+01   0.8671E+01   0.2592E+01
   0.8438E+00   0.9844E+00  -0.9228E+01  -0.6614E+01   0.1138E+02   0.7921E+01
   0.9062E+00   0.9844E+00  -0.1259E+02  -0.2456E+01   0.1657E+02   0.7521E+01
   0.9688E+00   0.9844E+00  -0.5303E+02  -0.4373E+02   0.2851E+02   0.4838E+02