   0.3125E-01   0.3125E-01  -0.9858E+01  -0.9829E+01  -0.9844E-07   0.9844E+01
   0.9375E-01   0.3125E-01  -0.1026E+02  -0.1012E+02  -0.2924E-01   0.1019E+02
   0.1562E+00   0.3125E-01  -0.9685E+01  -0.9402E+01  -0.1384E+00   0.9544E+01
   0.2188E+00   0.3125E-01  -0.9964E+01  -0.9566E+01  -0.3121E+00   0.9765E+01
   0.2812E+00   0.3125E-01  -0.9334E+01  -0.8856E+01  -0.5366E+00   0.9095E+01
   0.3438E+00   0.3125E-01  -0.9626E+01  -0.9141E+01  -0.7909E+00   0.9384E+01
   0.4062E+00   0.3125E-01  -0.9085E+01  -0.8713E+01  -0.1022E+01   0.8899E+01
   0.4688E+00   0.3125E-01  -0.9583E+01  -0.9457E+01  -0.1163E+01   0.9520E+01
   0.5312E+00   0.3125E-01  -0.9270E+01  -0.9474E+01  -0.1148E+01   0.9372E+01
   0.5938E+00   0.3125E-01  -0.9889E+01  -0.1040E+02  -0.9590E+00   0.1014E+02
   0.6562E+00   0.3125E-01  -0.9402E+01  -0.1007E+02  -0.6369E+00   0.9738E+01
   0.7188E+00   0.3125E-01  -0.9614E+01  -0.1023E+02  -0.2873E+00   0.9923E+01
   0.7812E+00   0.3125E-01  -0.8712E+01  -0.9100E+01  -0.1913E-01   0.8906E+01
   0.8438E+00   0.3125E-01  -0.8780E+01  -0.8881E+01   0.1007E+00   0.8830E+01
   0.9062E+00   0.3125E-01  -0.8038E+01  -0.7937E+01   0.8175E-01   0.7987E+01
   0.9688E+00   0.3125E-01  -0.8426E+01  -0.8345E+01   0.8385E-07   0.8385E+01
   0.3125E-01   0.9375E-01  -0.1047E+02  -0.1030E+02   0.2924E-01   0.1039E+02
   0.9375E-01   0.9375E-01  -0.1010E+02  -0.9559E+01  -0.3835E-01   0.9832E+01
   0.1562E+00   0.9375E-01  -0.1057E+02  -0.9671E+01  -0.2043E+00   0.1012E+02
   0.2188E+00   0.9375E-01  -0.1006E+02  -0.8881E+01  -0.3984E+00   0.9471E+01
   0.2812E+00   0.9375E-01  -0.1035E+02  -0.9006E+01  -0.6226E+00   0.9677E+01
   0.3438E+00   0.9375E-01  -0.9627E+01  -0.8337E+01  -0.8572E+00   0.8982E+01
   0.4062E+00   0.9375E-01  -0.9751E+01  -0.8802E+01  -0.1061E+01   0.9276E+01
   0.4688E+00   0.9375E-01  -0.8997E+01  -0.8660E+01  -0.1195E+01   0.8829E+01
   0.5312E+00   0.9375E-01  -0.9272E+01  -0.9712E+01  -0.1230E+01   0.9492E+01
   0.5938E+00   0.9375E-01  -0.8688E+01  -0.9874E+01  -0.1141E+01   0.9281E+01
   0.6562E+00   0.9375E-01  -0.9003E+01  -0.1067E+02  -0.9197E+00   0.9836E+01
   0.7188E+00   0.9375E-01  -0.8286E+01  -0.9973E+01  -0.6049E+00   0.9130E+01
   0.7812E+00   0.9375E-01  -0.8522E+01  -0.9770E+01  -0.2919E+00   0.9146E+01
   0.8438E+00   0.9375E-01  -0.7912E+01  -0.8489E+01  -0.7605E-01   0.8201E+01
   0.9062E+00   0.9375E-01  -0.8375E+01  -0.8388E+01  -0.2108E-02   0.8381E+01
   0.9688E+00   0.9375E-01  -0.7867E+01  -0.7769E+01  -0.8175E-01   0.7818E+01
   0.3125E-01   0.1562E+00  -0.1032E+02  -0.9884E+01   0.1767E+00   0.1010E+02
   0.9375E-01   0.1562E+00  -0.1090E+02  -0.9797E+01   0.5552E-01   0.1035E+02
   0.1562E+00   0.1562E+00  -0.1049E+02  -0.8941E+01  -0.1336E+00   0.9715E+01
   0.2188E+00   0.1562E+00  -0.1080E+02  -0.8924E+01  -0.3332E+00   0.9864E+01
   0.2812E+00   0.1562E+00  -0.9980E+01  -0.7963E+01  -0.5700E+00   0.8971E+01
   0.3438E+00   0.1562E+00  -0.9800E+01  -0.7941E+01  -0.8383E+00   0.8870E+01
   0.4062E+00   0.1562E+00  -0.8595E+01  -0.7209E+01  -0.1107E+01   0.7902E+01
   0.4688E+00   0.1562E+00  -0.8409E+01  -0.7761E+01  -0.1343E+01   0.8085E+01
   0.5312E+00   0.1562E+00  -0.7572E+01  -0.7851E+01  -0.1497E+01   0.7711E+01
   0.5938E+00   0.1562E+00  -0.7921E+01  -0.9200E+01  -0.1505E+01   0.8560E+01
   0.6562E+00   0.1562E+00  -0.7399E+01  -0.9553E+01  -0.1300E+01   0.8476E+01
   0.7188E+00   0.1562E+00  -0.7742E+01  -0.1034E+02  -0.8808E+00   0.9039E+01
   0.7812E+00   0.1562E+00  -0.7123E+01  -0.9471E+01  -0.3824E+00   0.8297E+01
   0.8438E+00   0.1562E+00  -0.7624E+01  -0.9147E+01  -0.2097E-01   0.8385E+01
   0.9062E+00   0.1562E+00  -0.7300E+01  -0.7902E+01   0.8215E-01   0.7601E+01
   0.9688E+00   0.1562E+00  -0.7911E+01  -0.8005E+01  -0.9860E-01   0.7958E+01
   0.3125E-01   0.2188E+00  -0.1087E+02  -0.1019E+02   0.4609E+00   0.1053E+02
   0.9375E-01   0.2188E+00  -0.1062E+02  -0.8989E+01   0.2107E+00   0.9806E+01
   0.1562E+00   0.2188E+00  -0.1096E+02  -0.8869E+01   0.2702E-01   0.9917E+01
   0.2188E+00   0.2188E+00  -0.1008E+02  -0.7681E+01  -0.1565E+00   0.8881E+01
   0.2812E+00   0.2188E+00  -0.9624E+01  -0.7146E+01  -0.4043E+00   0.8385E+01
   0.3438E+00   0.2188E+00  -0.7852E+01  -0.5584E+01  -0.6982E+00   0.6718E+01
   0.4062E+00   0.2188E+00  -0.6824E+01  -0.5039E+01  -0.9975E+00   0.5932E+01
   0.4688E+00   0.2188E+00  -0.5120E+01  -0.4044E+01  -0.1265E+01   0.4582E+01
   0.5312E+00   0.2188E+00  -0.4913E+01  -0.4743E+01  -0.1471E+01   0.4828E+01
   0.5938E+00   0.2188E+00  -0.4451E+01  -0.5381E+01  -0.1572E+01   0.4916E+01
   0.6562E+00   0.2188E+00  -0.5386E+01  -0.7547E+01  -0.1479E+01   0.6466E+01
   0.7188E+00   0.2188E+00  -0.5412E+01  -0.8644E+01  -0.1084E+01   0.7028E+01
   0.7812E+00   0.2188E+00  -0.6220E+01  -0.9791E+01  -0.4344E+00   0.8005E+01
   0.8438E+00   0.2188E+00  -0.6038E+01  -0.8870E+01   0.1457E+00   0.7454E+01
   0.9062E+00   0.2188E+00  -0.6904E+01  -0.8382E+01   0.3134E+00   0.7643E+01
   0.9688E+00   0.2188E+00  -0.6707E+01  -0.7092E+01   0.1302E-01   0.6900E+01
   0.3125E-01   0.2812E+00  -0.1012E+02  -0.9271E+01   0.8579E+00   0.9697E+01
   0.9375E-01   0.2812E+00  -0.1072E+02  -0.8747E+01   0.4073E+00   0.9735E+01
   0.1562E+00   0.2812E+00  -0.9913E+01  -0.7502E+01   0.2421E+00   0.8708E+01
   0.2188E+00   0.2812E+00  -0.9343E+01  -0.6701E+01   0.9231E-01   0.8022E+01
   0.2812E+00   0.2812E+00  -0.7128E+01  -0.4484E+01  -0.1400E+00   0.5806E+01
   0.3438E+00   0.2812E+00  -0.5157E+01  -0.2782E+01  -0.4068E+00   0.3969E+01
   0.4062E+00   0.2812E+00  -0.2082E+01  -0.1958E+00  -0.6481E+00   0.1139E+01
   0.4688E+00   0.2812E+00  -0.3471E+00   0.9193E+00  -0.8391E+00  -0.2861E+00
   0.5312E+00   0.2812E+00   0.1292E+01   0.1865E+01  -0.9962E+00  -0.1578E+01
   0.5938E+00   0.2812E+00   0.6883E+00   0.4191E+00  -0.1149E+01  -0.5537E+00
   0.6562E+00   0.2812E+00  -0.1262E+00  -0.1574E+01  -0.1242E+01   0.8499E+00
   0.7188E+00   0.2812E+00  -0.2425E+01  -0.5411E+01  -0.1084E+01   0.3918E+01
   0.7812E+00   0.2812E+00  -0.3479E+01  -0.7764E+01  -0.4769E+00   0.5622E+01
   0.8438E+00   0.2812E+00  -0.4947E+01  -0.9181E+01   0.3459E+00   0.7064E+01
   0.9062E+00   0.2812E+00  -0.5177E+01  -0.7810E+01   0.6969E+00   0.6493E+01
   0.9688E+00   0.2812E+00  -0.6200E+01  -0.6969E+01   0.2868E+00   0.6584E+01
   0.3125E-01   0.3438E+00  -0.9618E+01  -0.8736E+01   0.1312E+01   0.9177E+01
   0.9375E-01   0.3438E+00  -0.9248E+01  -0.7214E+01   0.6234E+00   0.8231E+01
   0.1562E+00   0.3438E+00  -0.8915E+01  -0.6500E+01   0.4722E+00   0.7707E+01
   0.2188E+00   0.3438E+00  -0.6697E+01  -0.4157E+01   0.3621E+00   0.5427E+01
   0.2812E+00   0.3438E+00  -0.4241E+01  -0.1816E+01   0.1566E+00   0.3029E+01
   0.3438E+00   0.3438E+00  -0.4009E-01   0.2021E+01  -0.6673E-01  -0.9903E+00
   0.4062E+00   0.3438E+00   0.3430E+01   0.4976E+01  -0.2353E+00  -0.4203E+01
   0.4688E+00   0.3438E+00   0.7073E+01   0.8121E+01  -0.3220E+00  -0.7597E+01
   0.5312E+00   0.3438E+00   0.8322E+01   0.8998E+01  -0.3744E+00  -0.8660E+01
   0.5938E+00   0.3438E+00   0.8673E+01   0.9024E+01  -0.4787E+00  -0.8848E+01
   0.6562E+00   0.3438E+00   0.6279E+01   0.6012E+01  -0.6791E+00  -0.6146E+01
   0.7188E+00   0.3438E+00   0.3557E+01   0.1904E+01  -0.8171E+00  -0.2730E+01
   0.7812E+00   0.3438E+00  -0.3083E+00  -0.4047E+01  -0.4819E+00   0.2178E+01
   0.8438E+00   0.3438E+00  -0.2144E+01  -0.7215E+01   0.5018E+00   0.4680E+01
   0.9062E+00   0.3438E+00  -0.3951E+01  -0.7889E+01   0.1250E+01   0.5920E+01
   0.9688E+00   0.3438E+00  -0.4301E+01  -0.5612E+01   0.7817E+00   0.4956E+01
   0.3125E-01   0.4062E+00  -0.7630E+01  -0.6880E+01   0.1740E+01   0.7255E+01
   0.9375E-01   0.4062E+00  -0.7964E+01  -0.6193E+01   0.8391E+00   0.7079E+01
   0.1562E+00   0.4062E+00  -0.6326E+01  -0.4225E+01   0.6740E+00   0.5275E+01
   0.2188E+00   0.4062E+00  -0.4157E+01  -0.2051E+01   0.5861E+00   0.3104E+01
   0.2812E+00   0.4062E+00   0.2852E+00   0.2168E+01   0.3848E+00  -0.1227E+01
   0.3438E+00   0.4062E+00   0.4786E+01   0.6248E+01   0.1614E+00  -0.5517E+01
   0.4062E+00   0.4062E+00   0.1014E+02   0.1112E+02   0.1045E-01  -0.1063E+02
   0.4688E+00   0.4062E+00   0.1348E+02   0.1411E+02  -0.3567E-01  -0.1380E+02
   0.5312E+00   0.4062E+00   0.1595E+02   0.1647E+02  -0.1752E-01  -0.1621E+02
   0.5938E+00   0.4062E+00   0.1546E+02   0.1607E+02  -0.3300E-01  -0.1576E+02
   0.6562E+00   0.4062E+00   0.1392E+02   0.1458E+02  -0.1886E+00  -0.1425E+02
   0.7188E+00   0.4062E+00   0.9598E+01   0.9661E+01  -0.4865E+00  -0.9630E+01
   0.7812E+00   0.4062E+00   0.5232E+01   0.3279E+01  -0.5059E+00  -0.4255E+01
   0.8438E+00   0.4062E+00   0.5752E+00  -0.4064E+01   0.4567E+00   0.1745E+01
   0.9062E+00   0.4062E+00  -0.1209E+01  -0.6158E+01   0.1865E+01   0.3684E+01
   0.9688E+00   0.4062E+00  -0.2988E+01  -0.4988E+01   0.1598E+01   0.3988E+01
   0.3125E-01   0.4688E+00  -0.6130E+01  -0.5654E+01   0.2063E+01   0.5892E+01
   0.9375E-01   0.4688E+00  -0.5436E+01  -0.4206E+01   0.1037E+01   0.4821E+01
   0.1562E+00   0.4688E+00  -0.4277E+01  -0.2753E+01   0.8117E+00   0.3515E+01
   0.2188E+00   0.4688E+00  -0.5934E+00   0.8591E+00   0.7137E+00  -0.1328E+00
   0.2812E+00   0.4688E+00   0.3776E+01   0.4970E+01   0.4876E+00  -0.4373E+01
   0.3438E+00   0.4688E+00   0.9861E+01   0.1071E+02   0.2330E+00  -0.1028E+02
   0.4062E+00   0.4688E+00   0.1474E+02   0.1527E+02   0.5841E-01  -0.1501E+02
   0.4688E+00   0.4688E+00   0.1914E+02   0.1949E+02   0.3309E-02  -0.1931E+02
   0.5312E+00   0.4688E+00   0.2069E+02   0.2104E+02   0.2191E-01  -0.2086E+02
   0.5938E+00   0.4688E+00   0.2120E+02   0.2176E+02   0.4982E-01  -0.2148E+02
   0.6562E+00   0.4688E+00   0.1887E+02   0.1983E+02  -0.1558E-01  -0.1935E+02
   0.7188E+00   0.4688E+00   0.1570E+02   0.1690E+02  -0.3141E+00  -0.1630E+02
   0.7812E+00   0.4688E+00   0.9959E+01   0.1008E+02  -0.6512E+00  -0.1002E+02
   0.8438E+00   0.4688E+00   0.4959E+01   0.1968E+01   0.4883E-01  -0.3464E+01
   0.9062E+00   0.4688E+00   0.8882E+00  -0.4267E+01   0.2241E+01   0.1690E+01
   0.9688E+00   0.4688E+00  -0.4273E+00  -0.3074E+01   0.2782E+01   0.1751E+01
   0.3125E-01   0.5312E+00  -0.3800E+01  -0.3681E+01   0.2216E+01   0.3741E+01
   0.9375E-01   0.5312E+00  -0.3799E+01  -0.3296E+01   0.1199E+01   0.3547E+01
   0.1562E+00   0.5312E+00  -0.1599E+01  -0.8142E+00   0.8763E+00   0.1207E+01
   0.2188E+00   0.5312E+00   0.1564E+01   0.2267E+01   0.7411E+00  -0.1915E+01
   0.2812E+00   0.5312E+00   0.7111E+01   0.7621E+01   0.4965E+00  -0.7366E+01
   0.3438E+00   0.5312E+00   0.1251E+02   0.1285E+02   0.2220E+00  -0.1268E+02
   0.4062E+00   0.5312E+00   0.1828E+02   0.1854E+02   0.4132E-01  -0.1841E+02
   0.4688E+00   0.5312E+00   0.2166E+02   0.2193E+02  -0.2098E-01  -0.2179E+02
   0.5312E+00   0.5312E+00   0.2402E+02   0.2439E+02  -0.1175E-01  -0.2421E+02
   0.5938E+00   0.5312E+00   0.2356E+02   0.2409E+02   0.9482E-02  -0.2383E+02
   0.6562E+00   0.5312E+00   0.2237E+02   0.2326E+02  -0.2293E-02  -0.2282E+02
   0.7188E+00   0.5312E+00   0.1858E+02   0.2011E+02  -0.2412E+00  -0.1935E+02
   0.7812E+00   0.5312E+00   0.1425E+02   0.1581E+02  -0.8379E+00  -0.1503E+02
   0.8438E+00   0.5312E+00   0.7976E+01   0.7063E+01  -0.6957E+00  -0.7519E+01
   0.9062E+00   0.5312E+00   0.3985E+01  -0.5033E+00   0.2048E+01  -0.1741E+01
   0.9688E+00   0.5312E+00   0.1095E+01  -0.1878E+01   0.4245E+01   0.3915E+00
   0.3125E-01   0.5938E+00  -0.2670E+01  -0.2907E+01   0.2183E+01   0.2789E+01
   0.9375E-01   0.5938E+00  -0.1767E+01  -0.2036E+01   0.1300E+01   0.1901E+01
   0.1562E+00   0.5938E+00  -0.4285E+00  -0.4532E+00   0.8747E+00   0.4408E+00
   0.2188E+00   0.5938E+00   0.3492E+01   0.3445E+01   0.6831E+00  -0.3469E+01
   0.2812E+00   0.5938E+00   0.8065E+01   0.7925E+01   0.4405E+00  -0.7995E+01
   0.3438E+00   0.5938E+00   0.1413E+02   0.1402E+02   0.1911E+00  -0.1407E+02
   0.4062E+00   0.5938E+00   0.1884E+02   0.1888E+02   0.4007E-01  -0.1886E+02
   0.4688E+00   0.5938E+00   0.2299E+02   0.2324E+02   0.7759E-02  -0.2312E+02
   0.5312E+00   0.5938E+00   0.2435E+02   0.2481E+02   0.2687E-01  -0.2458E+02
   0.5938E+00   0.5938E+00   0.2477E+02   0.2543E+02   0.4360E-01  -0.2510E+02
   0.6562E+00   0.5938E+00   0.2260E+02   0.2352E+02   0.3358E-01  -0.2306E+02
   0.7188E+00   0.5938E+00   0.2005E+02   0.2157E+02  -0.1248E+00  -0.2081E+02
   0.7812E+00   0.5938E+00   0.1515E+02   0.1742E+02  -0.8759E+00  -0.1629E+02
   0.8438E+00   0.5938E+00   0.1041E+02   0.1130E+02  -0.1528E+01  -0.1085E+02
   0.9062E+00   0.5938E+00   0.5214E+01   0.1934E+01   0.1185E+01  -0.3574E+01
   0.9688E+00   0.5938E+00   0.3207E+01   0.3098E+00   0.5755E+01  -0.1759E+01
   0.3125E-01   0.6562E+00  -0.1276E+01  -0.1774E+01   0.1979E+01   0.1525E+01
   0.9375E-01   0.6562E+00  -0.1183E+01  -0.2121E+01   0.1308E+01   0.1652E+01
   0.1562E+00   0.6562E+00   0.6768E+00  -0.1392E+00   0.8129E+00  -0.2688E+00
   0.2188E+00   0.6562E+00   0.3329E+01   0.2535E+01   0.5655E+00  -0.2932E+01
   0.2812E+00   0.6562E+00   0.8223E+01   0.7434E+01   0.3581E+00  -0.7829E+01
   0.3438E+00   0.6562E+00   0.1302E+02   0.1241E+02   0.1702E+00  -0.1271E+02
   0.4062E+00   0.6562E+00   0.1836E+02   0.1809E+02   0.7974E-01  -0.1822E+02
   0.4688E+00   0.6562E+00   0.2155E+02   0.2168E+02   0.8345E-01  -0.2162E+02
   0.5312E+00   0.6562E+00   0.2384E+02   0.2434E+02   0.1298E+00  -0.2409E+02
   0.5938E+00   0.6562E+00   0.2325E+02   0.2409E+02   0.1513E+00  -0.2367E+02
   0.6562E+00   0.6562E+00   0.2196E+02   0.2311E+02   0.1313E+00  -0.2253E+02
   0.7188E+00   0.6562E+00   0.1835E+02   0.1998E+02   0.3082E-01  -0.1917E+02
   0.7812E+00   0.6562E+00   0.1470E+02   0.1732E+02  -0.6873E+00  -0.1601E+02
   0.8438E+00   0.6562E+00   0.9288E+01   0.1158E+02  -0.2177E+01  -0.1043E+02
   0.9062E+00   0.6562E+00   0.5602E+01   0.3705E+01  -0.1923E+00  -0.4653E+01
   0.9688E+00   0.6562E+00   0.2632E+01   0.8523E-01   0.7142E+01  -0.1359E+01
   0.3125E-01   0.7188E+00  -0.1202E+01  -0.1800E+01   0.1685E+01   0.1501E+01
   0.9375E-01   0.7188E+00  -0.4395E+00  -0.1776E+01   0.1197E+01   0.1108E+01
   0.1562E+00   0.7188E+00   0.1387E+00  -0.1357E+01   0.6685E+00   0.6090E+00
   0.2188E+00   0.7188E+00   0.2776E+01   0.1253E+01   0.3688E+00  -0.2015E+01
   0.2812E+00   0.7188E+00   0.6095E+01   0.4609E+01   0.1995E+00  -0.5352E+01
   0.3438E+00   0.7188E+00   0.1116E+02   0.9943E+01   0.9483E-01  -0.1055E+02
   0.4062E+00   0.7188E+00   0.1540E+02   0.1466E+02   0.6542E-01  -0.1503E+02
   0.4688E+00   0.7188E+00   0.1950E+02   0.1933E+02   0.1202E+00  -0.1941E+02
   0.5312E+00   0.7188E+00   0.2096E+02   0.2136E+02   0.1974E+00  -0.2116E+02
   0.5938E+00   0.7188E+00   0.2137E+02   0.2232E+02   0.2651E+00  -0.2184E+02
   0.6562E+00   0.7188E+00   0.1892E+02   0.2039E+02   0.2587E+00  -0.1965E+02
   0.7188E+00   0.7188E+00   0.1613E+02   0.1806E+02   0.1855E+00  -0.1709E+02
   0.7812E+00   0.7188E+00   0.1120E+02   0.1406E+02  -0.3402E+00  -0.1263E+02
   0.8438E+00   0.7188E+00   0.6617E+01   0.1004E+02  -0.2421E+01  -0.8326E+01
   0.9062E+00   0.7188E+00   0.1619E+01   0.1204E+01  -0.1875E+01  -0.1411E+01
   0.9688E+00   0.7188E+00  -0.6221E-01  -0.2121E+01   0.8302E+01   0.1092E+01
   0.3125E-01   0.7656E+00  -0.5691E+00  -0.1118E+01   0.1436E+01   0.8437E+00
   0.9375E-01   0.7656E+00  -0.1022E+01  -0.2452E+01   0.1029E+01   0.1737E+01
   0.1562E+00   0.7656E+00   0.1901E+00  -0.1691E+01   0.4924E+00   0.7505E+00
   0.2188E+00   0.7656E+00   0.9679E+00  -0.1108E+01   0.1824E+00   0.6981E-01
   0.2812E+00   0.7656E+00   0.4737E+01   0.2703E+01   0.6442E-01  -0.3720E+01
   0.3438E+00   0.7656E+00   0.8185E+01   0.6447E+01   0.2939E-01  -0.7316E+01
   0.4062E+00   0.7656E+00   0.1349E+02   0.1232E+02   0.6075E-01  -0.1290E+02
   0.4688E+00   0.7656E+00   0.1632E+02   0.1583E+02   0.1407E+00  -0.1608E+02
   0.5312E+00   0.7656E+00   0.1929E+02   0.1952E+02   0.2507E+00  -0.1940E+02
   0.5938E+00   0.7656E+00   0.1833E+02   0.1927E+02   0.3355E+00  -0.1880E+02
   0.6562E+00   0.7656E+00   0.1737E+02   0.1900E+02   0.3701E+00  -0.1818E+02
   0.7188E+00   0.7656E+00   0.1268E+02   0.1490E+02   0.2910E+00  -0.1379E+02
   0.7812E+00   0.7656E+00   0.9069E+01   0.1201E+02  -0.3382E-01  -0.1054E+02
   0.8438E+00   0.7656E+00   0.1838E+01   0.6011E+01  -0.2254E+01  -0.3924E+01
   0.9062E+00   0.7656E+00  -0.2392E+01  -0.1568E+01  -0.3219E+01   0.1980E+01
   0.9688E+00   0.7656E+00  -0.6563E+01  -0.8170E+01   0.9049E+01   0.7367E+01
   0.3125E-01   0.7969E+00  -0.1317E+01  -0.1730E+01   0.1305E+01   0.1524E+01
   0.9375E-01   0.7969E+00  -0.5154E+00  -0.1809E+01   0.8466E+00   0.1162E+01
   0.1562E+00   0.7969E+00  -0.1066E+01  -0.3132E+01   0.3094E+00   0.2099E+01
   0.2188E+00   0.7969E+00   0.5581E+00  -0.1882E+01   0.2032E-01   0.6621E+00
   0.2812E+00   0.7969E+00   0.2429E+01  -0.3593E-01  -0.4627E-01  -0.1196E+01
   0.3438E+00   0.7969E+00   0.7110E+01   0.5015E+01  -0.2585E-01  -0.6063E+01
   0.4062E+00   0.7969E+00   0.1078E+02   0.9268E+01   0.2448E-01  -0.1003E+02
   0.4688E+00   0.7969E+00   0.1535E+02   0.1462E+02   0.1454E+00  -0.1499E+02
   0.5312E+00   0.7969E+00   0.1666E+02   0.1671E+02   0.2396E+00  -0.1668E+02
   0.5938E+00   0.7969E+00   0.1777E+02   0.1862E+02   0.3915E+00  -0.1820E+02
   0.6562E+00   0.7969E+00   0.1474E+02   0.1636E+02   0.4367E+00  -0.1555E+02
   0.7188E+00   0.7969E+00   0.1213E+02   0.1441E+02   0.4597E+00  -0.1327E+02
   0.7812E+00   0.7969E+00   0.5661E+01   0.8579E+01   0.1979E+00  -0.7120E+01
   0.8438E+00   0.7969E+00  -0.3295E+00   0.4251E+01  -0.1811E+01  -0.1961E+01
   0.9062E+00   0.7969E+00  -0.9218E+01  -0.7341E+01  -0.4109E+01   0.8279E+01
   0.9688E+00   0.7969E+00  -0.1173E+02  -0.1290E+02   0.9424E+01   0.1231E+02
   0.3125E-01   0.8281E+00  -0.7780E+00  -0.9402E+00   0.1187E+01   0.8591E+00
   0.9375E-01   0.8281E+00  -0.1420E+01  -0.2423E+01   0.5951E+00   0.1921E+01
   0.1562E+00   0.8281E+00  -0.1107E+01  -0.3306E+01   0.4258E-01   0.2206E+01
   0.2188E+00   0.8281E+00  -0.1327E+01  -0.4182E+01  -0.1563E+00   0.2754E+01
   0.2812E+00   0.8281E+00   0.1424E+01  -0.1460E+01  -0.1702E+00   0.1822E-01
   0.3438E+00   0.8281E+00   0.4569E+01   0.2065E+01  -0.8632E-01  -0.3317E+01
   0.4062E+00   0.8281E+00   0.9631E+01   0.7801E+01  -0.2052E-01  -0.8716E+01
   0.4688E+00   0.8281E+00   0.1276E+02   0.1172E+02   0.1312E+00  -0.1224E+02
   0.5312E+00   0.8281E+00   0.1596E+02   0.1578E+02   0.2498E+00  -0.1587E+02
   0.5938E+00   0.8281E+00   0.1532E+02   0.1599E+02   0.4630E+00  -0.1565E+02
   0.6562E+00   0.8281E+00   0.1461E+02   0.1599E+02   0.5796E+00  -0.1530E+02
   0.7188E+00   0.8281E+00   0.9372E+01   0.1155E+02   0.7515E+00  -0.1046E+02
   0.7812E+00   0.8281E+00   0.4945E+01   0.7615E+01   0.5279E+00  -0.6280E+01
   0.8438E+00   0.8281E+00  -0.5991E+01  -0.9620E+00  -0.9586E+00   0.3477E+01
   0.9062E+00   0.8281E+00  -0.1517E+02  -0.1196E+02  -0.4913E+01   0.1357E+02
   0.9688E+00   0.8281E+00  -0.2303E+02  -0.2350E+02   0.9722E+01   0.2326E+02
   0.3125E-01   0.8594E+00  -0.1477E+01  -0.1201E+01   0.1154E+01   0.1339E+01
   0.9375E-01   0.8594E+00  -0.1151E+01  -0.1695E+01   0.2104E+00   0.1423E+01
   0.1562E+00   0.8594E+00  -0.2449E+01  -0.4816E+01  -0.2869E+00   0.3633E+01
   0.2188E+00   0.8594E+00  -0.2086E+01  -0.5380E+01  -0.3578E+00   0.3733E+01
   0.2812E+00   0.8594E+00  -0.7239E+00  -0.4116E+01  -0.2538E+00   0.2420E+01
   0.3438E+00   0.8594E+00   0.3361E+01   0.5242E+00  -0.1096E+00  -0.1942E+01
   0.4062E+00   0.8594E+00   0.7338E+01   0.5053E+01  -0.4738E-01  -0.6196E+01
   0.4688E+00   0.8594E+00   0.1184E+02   0.1052E+02   0.2591E+00  -0.1118E+02
   0.5312E+00   0.8594E+00   0.1384E+02   0.1319E+02   0.3132E+00  -0.1351E+02
   0.5938E+00   0.8594E+00   0.1515E+02   0.1550E+02   0.8420E+00  -0.1532E+02
   0.6562E+00   0.8594E+00   0.1250E+02   0.1335E+02   0.8024E+00  -0.1293E+02
   0.7188E+00   0.8594E+00   0.9658E+01   0.1142E+02   0.1490E+01  -0.1054E+02
   0.7812E+00   0.8594E+00   0.1431E+01   0.3694E+01   0.9702E+00  -0.2562E+01
   0.8438E+00   0.8594E+00  -0.9208E+01  -0.3862E+01   0.5232E+00   0.6535E+01
   0.9062E+00   0.8594E+00  -0.2754E+02  -0.2223E+02  -0.5493E+01   0.2489E+02
   0.9688E+00   0.8594E+00  -0.3560E+02  -0.3507E+02   0.9786E+01   0.3534E+02
   0.3125E-01   0.8906E+00  -0.7497E+00   0.1135E+00   0.1269E+01   0.3181E+00
   0.9375E-01   0.8906E+00  -0.2018E+01  -0.1917E+01  -0.2099E+00   0.1967E+01
   0.1562E+00   0.8906E+00  -0.2644E+01  -0.5521E+01  -0.5381E+00   0.4082E+01
   0.2188E+00   0.8906E+00  -0.3714E+01  -0.7658E+01  -0.7652E-01   0.5686E+01
   0.2812E+00   0.8906E+00  -0.1845E+01  -0.5644E+01   0.1874E-01   0.3744E+01
   0.3438E+00   0.8906E+00   0.1599E+01  -0.1784E+01   0.3543E+00   0.9250E-01
   0.4062E+00   0.8906E+00   0.6304E+01   0.3553E+01   0.3992E+00  -0.4928E+01
   0.4688E+00   0.8906E+00   0.1017E+02   0.8254E+01   0.9869E+00  -0.9212E+01
   0.5312E+00   0.8906E+00   0.1346E+02   0.1224E+02   0.9513E+00  -0.1285E+02
   0.5938E+00   0.8906E+00   0.1352E+02   0.1316E+02   0.1866E+01  -0.1334E+02
   0.6562E+00   0.8906E+00   0.1312E+02   0.1326E+02   0.1613E+01  -0.1319E+02
   0.7188E+00   0.8906E+00   0.7046E+01   0.8223E+01   0.2783E+01  -0.7635E+01
   0.7812E+00   0.8906E+00   0.2156E+01   0.3517E+01   0.1811E+01  -0.2836E+01
   0.8438E+00   0.8906E+00  -0.1751E+02  -0.1158E+02   0.2947E+01   0.1455E+02
   0.9062E+00   0.8906E+00  -0.3930E+02  -0.3103E+02  -0.5666E+01   0.3517E+02
   0.9688E+00   0.8906E+00  -0.6073E+02  -0.5834E+02   0.9768E+01   0.5954E+02
   0.3125E-01   0.9219E+00  -0.7368E+00   0.7995E+00   0.1553E+01  -0.3135E-01
   0.9375E-01   0.9219E+00  -0.3621E+00  -0.1193E+01  -0.1182E+00   0.7774E+00
   0.1562E+00   0.9219E+00  -0.3272E+01  -0.7846E+01   0.1389E+01   0.5559E+01
   0.2188E+00   0.9219E+00  -0.4801E+01  -0.9136E+01   0.2247E+01   0.6968E+01
   0.2812E+00   0.9219E+00  -0.2833E+01  -0.7257E+01   0.2231E+01   0.5045E+01
   0.3438E+00   0.9219E+00   0.3323E+00  -0.3524E+01   0.2780E+01   0.1596E+01
   0.4062E+00   0.9219E+00   0.5395E+01   0.2001E+01   0.2602E+01  -0.3698E+01
   0.4688E+00   0.9219E+00   0.9163E+01   0.6711E+01   0.3423E+01  -0.7937E+01
   0.5312E+00   0.9219E+00   0.1274E+02   0.1069E+02   0.2987E+01  -0.1172E+02
   0.5938E+00   0.9219E+00   0.1301E+02   0.1220E+02   0.4297E+01  -0.1260E+02
   0.6562E+00   0.9219E+00   0.1233E+02   0.1144E+02   0.3218E+01  -0.1188E+02
   0.7188E+00   0.9219E+00   0.6960E+01   0.7993E+01   0.5380E+01  -0.7477E+01
   0.7812E+00   0.9219E+00  -0.9527E+00  -0.5394E+00   0.2552E+01   0.7460E+00
   0.8438E+00   0.9219E+00  -0.1898E+02  -0.1362E+02   0.6937E+01   0.1630E+02
   0.9062E+00   0.9219E+00  -0.6118E+02  -0.4780E+02  -0.4357E+01   0.5449E+02
   0.9688E+00   0.9219E+00  -0.9477E+02  -0.8887E+02   0.9217E+01   0.9182E+02
   0.3125E-01   0.9531E+00   0.7455E+01   0.4084E+01   0.4129E+01  -0.5769E+01
   0.9375E-01   0.9531E+00   0.1659E+01  -0.4766E+01   0.6562E+01   0.1554E+01
   0.1562E+00   0.9531E+00  -0.4652E+01  -0.9872E+01   0.9160E+01   0.7262E+01
   0.2188E+00   0.9531E+00  -0.5205E+01  -0.9732E+01   0.9045E+01   0.7468E+01
   0.2812E+00   0.9531E+00  -0.4450E+01  -0.8754E+01   0.8630E+01   0.6602E+01
   0.3438E+00   0.9531E+00  -0.4677E+00  -0.4271E+01   0.8602E+01   0.2369E+01
   0.4062E+00   0.9531E+00   0.4026E+01   0.7954E+00   0.7718E+01  -0.2411E+01
   0.4688E+00   0.9531E+00   0.8263E+01   0.5646E+01   0.8131E+01  -0.6955E+01
   0.5312E+00   0.9531E+00   0.1180E+02   0.9939E+01   0.6858E+01  -0.1087E+02
   0.5938E+00   0.9531E+00   0.1209E+02   0.1076E+02   0.8034E+01  -0.1142E+02
   0.6562E+00   0.9531E+00   0.1200E+02   0.1156E+02   0.5999E+01  -0.1178E+02
   0.7188E+00   0.9531E+00   0.5414E+01   0.5248E+01   0.8507E+01  -0.5331E+01
   0.7812E+00   0.9531E+00  -0.1361E+01   0.5299E+00   0.4774E+01   0.4155E+00
   0.8438E+00   0.9531E+00  -0.2483E+02  -0.2270E+02   0.9813E+01   0.2376E+02
   0.9062E+00   0.9531E+00  -0.6830E+02  -0.5176E+02   0.1981E+01   0.6003E+02
   0.9688E+00   0.9531E+00  -0.1724E+03  -0.1556E+03   0.9568E+01   0.1640E+03
   0.3125E-01   0.9844E+00   0.1536E+02   0.1104E+02   0.3038E+02  -0.1320E+02
   0.9375E-01   0.9844E+00  -0.6342E+01  -0.1171E+02   0.2459E+02   0.9027E+01
   0.1562E+00   0.9844E+00  -0.5065E+01  -0.7334E+01   0.2120E+02   0.6199E+01
   0.2188E+00   0.9844E+00  -0.9010E+01  -0.1141E+02   0.1884E+02   0.1021E+02
   0.2812E+00   0.9844E+00  -0.5538E+01  -0.7349E+01   0.1667E+02   0.6443E+01
   0.3438E+00   0.9844E+00  -0.3464E+01  -0.5339E+01   0.1498E+02   0.4401E+01
   0.4062E+00   0.9844E+00   0.2992E+01   0.1720E+01   0.1317E+02  -0.2356E+01
   0.4688E+00   0.9844E+00   0.5920E+01   0.4542E+01   0.1217E+02  -0.5231E+01
   0.5312E+00   0.9844E+00   0.1112E+02   0.1059E+02   0.1077E+02  -0.1086E+02
   0.5938E+00   0.9844E+00   0.1055E+02   0.9598E+01   0.1063E+02  -0.1007E+02
   0.6562E+00   0.9844E+00   0.1159E+02   0.1192E+02   0.9509E+01  -0.1175E+02
   0.7188E+00   0.9844E+00   0.4680E+01   0.3958E+01   0.1042E+02  -0.4319E+01
   0.7812E+00   0.9844E+00  -0.2360E+01  -0.5786E+00   0.9399E+01   0.1469E+01
   0.8438E+00   0.9844E+00  -0.2578E+02  -0.2577E+02   0.1238E+02   0.2578E+02
   0.9062E+00   0.9844E+00  -0.7137E+02  -0.6329E+02   0.1312E+02   0.6733E+02
   0.9688E+00   0.9844E+00  -0.2071E+03  -0.1944E+03   0.2724E+02   0.2008E+03