   0.2642E-01   0.2642E-01   0.5056E+00   0.5162E+00  -0.3376E-03  -0.5109E+00
   0.2642E-01   0.9858E-01   0.6157E-01   0.1593E+00   0.3082E-01  -0.1105E+00
   0.9858E-01   0.2642E-01   0.1920E+00   0.2840E+00  -0.3082E-01  -0.2380E+00
   0.9858E-01   0.9858E-01   0.3198E+00   0.7031E+00  -0.4702E-02  -0.5115E+00
   0.1514E+00   0.2642E-01   0.5602E+00   0.7339E+00  -0.1011E+00  -0.6470E+00
   0.1514E+00   0.9858E-01  -0.6860E-01   0.5136E+00  -0.8859E-01  -0.2225E+00
   0.2236E+00   0.2642E-01   0.2416E+00   0.4643E+00  -0.2342E+00  -0.3530E+00
   0.2236E+00   0.9858E-01   0.2242E+00   0.9368E+00  -0.2152E+00  -0.5805E+00
   0.2764E+00   0.2642E-01   0.5539E+00   0.7779E+00  -0.3451E+00  -0.6659E+00
   0.2764E+00   0.9858E-01  -0.1254E+00   0.5792E+00  -0.3097E+00  -0.2269E+00
   0.3486E+00   0.2642E-01   0.1412E+00   0.3259E+00  -0.4798E+00  -0.2335E+00
   0.3486E+00   0.9858E-01   0.1919E+00   0.7654E+00  -0.4215E+00  -0.4786E+00
   0.4014E+00   0.2642E-01   0.3807E+00   0.5094E+00  -0.5562E+00  -0.4451E+00
   0.4014E+00   0.9858E-01  -0.1480E+00   0.2525E+00  -0.4813E+00  -0.5230E-01
   0.4736E+00   0.2642E-01  -0.1046E+00  -0.6681E-01  -0.6107E+00   0.8572E-01
   0.4736E+00   0.9858E-01   0.1702E+00   0.2858E+00  -0.5245E+00  -0.2280E+00
   0.5264E+00   0.2642E-01   0.1046E+00   0.6681E-01  -0.6107E+00  -0.8572E-01
   0.5264E+00   0.9858E-01  -0.1702E+00  -0.2858E+00  -0.5245E+00   0.2280E+00
   0.5986E+00   0.2642E-01  -0.3807E+00  -0.5094E+00  -0.5562E+00   0.4451E+00
   0.5986E+00   0.9858E-01   0.1480E+00  -0.2525E+00  -0.4813E+00   0.5230E-01
   0.6514E+00   0.2642E-01  -0.1412E+00  -0.3259E+00  -0.4798E+00   0.2335E+00
   0.6514E+00   0.9858E-01  -0.1919E+00  -0.7654E+00  -0.4215E+00   0.4786E+00
   0.7236E+00   0.2642E-01  -0.5539E+00  -0.7779E+00  -0.3451E+00   0.6659E+00
   0.7236E+00   0.9858E-01   0.1254E+00  -0.5792E+00  -0.3097E+00   0.2269E+00
   0.7764E+00   0.2642E-01  -0.2416E+00  -0.4643E+00  -0.2342E+00   0.3530E+00
   0.7764E+00   0.9858E-01  -0.2242E+00  -0.9368E+00  -0.2152E+00   0.5805E+00
   0.8486E+00   0.2642E-01  -0.5602E+00  -0.7339E+00  -0.1011E+00   0.6470E+00
   0.8486E+00   0.9858E-01   0.6860E-01  -0.5136E+00  -0.8859E-01   0.2225E+00
   0.9014E+00   0.2642E-01  -0.1920E+00  -0.2840E+00  -0.3082E-01   0.2380E+00
   0.9014E+00   0.9858E-01  -0.3198E+00  -0.7031E+00  -0.4702E-02   0.5115E+00
   0.9736E+00   0.2642E-01  -0.5056E+00  -0.5162E+00  -0.3376E-03   0.5109E+00
   0.9736E+00   0.9858E-01  -0.6157E-01  -0.1593E+00   0.3082E-01   0.1105E+00
   0.2642E-01   0.1514E+00   0.2696E+00   0.4602E+00   0.1026E+00  -0.3649E+00
   0.2642E-01   0.2236E+00  -0.1835E+00   0.1125E+00   0.2596E+00   0.3548E-01
   0.9858E-01   0.1514E+00  -0.1721E+00   0.4453E+00   0.6316E-01  -0.1366E+00
   0.9858E-01   0.2236E+00  -0.5652E-02   0.9111E+00   0.1707E+00  -0.4527E+00
   0.1514E+00   0.1514E+00   0.1021E+00   0.9432E+00  -0.3852E-01  -0.5226E+00
   0.1514E+00   0.2236E+00  -0.4106E+00   0.7852E+00   0.3170E-01  -0.1873E+00
   0.2236E+00   0.1514E+00  -0.2781E+00   0.7057E+00  -0.1939E+00  -0.2138E+00
   0.2236E+00   0.2236E+00  -0.1161E+00   0.1223E+01  -0.1781E+00  -0.5535E+00
   0.2764E+00   0.1514E+00   0.4940E-01   0.1006E+01  -0.3055E+00  -0.5277E+00
   0.2764E+00   0.2236E+00  -0.4367E+00   0.8367E+00  -0.3262E+00  -0.2000E+00
   0.3486E+00   0.1514E+00  -0.2643E+00   0.5048E+00  -0.4314E+00  -0.1203E+00
   0.3486E+00   0.2236E+00  -0.4657E-01   0.9579E+00  -0.4869E+00  -0.4557E+00
   0.4014E+00   0.1514E+00   0.9754E-01   0.6330E+00  -0.4973E+00  -0.3653E+00
   0.4014E+00   0.2236E+00  -0.3120E+00   0.3809E+00  -0.5694E+00  -0.3444E-01
   0.4736E+00   0.1514E+00  -0.1857E+00  -0.3206E-01  -0.5436E+00   0.1089E+00
   0.4736E+00   0.2236E+00   0.1244E+00   0.3222E+00  -0.6260E+00  -0.2233E+00
   0.5264E+00   0.1514E+00   0.1857E+00   0.3206E-01  -0.5436E+00  -0.1089E+00
   0.5264E+00   0.2236E+00  -0.1244E+00  -0.3222E+00  -0.6260E+00   0.2233E+00
   0.5986E+00   0.1514E+00  -0.9754E-01  -0.6330E+00  -0.4973E+00   0.3653E+00
   0.5986E+00   0.2236E+00   0.3120E+00  -0.3809E+00  -0.5694E+00   0.3444E-01
   0.6514E+00   0.1514E+00   0.2643E+00  -0.5048E+00  -0.4314E+00   0.1203E+00
   0.6514E+00   0.2236E+00   0.4657E-01  -0.9579E+00  -0.4869E+00   0.4557E+00
   0.7236E+00   0.1514E+00  -0.4940E-01  -0.1006E+01  -0.3055E+00   0.5277E+00
   0.7236E+00   0.2236E+00   0.4367E+00  -0.8367E+00  -0.3262E+00   0.2000E+00
   0.7764E+00   0.1514E+00   0.2781E+00  -0.7057E+00  -0.1939E+00   0.2138E+00
   0.7764E+00   0.2236E+00   0.1161E+00  -0.1223E+01  -0.1781E+00   0.5535E+00
   0.8486E+00   0.1514E+00  -0.1021E+00  -0.9432E+00  -0.3852E-01   0.5226E+00
   0.8486E+00   0.2236E+00   0.4106E+00  -0.7852E+00   0.3170E-01   0.1873E+00
   0.9014E+00   0.1514E+00   0.1721E+00  -0.4453E+00   0.6316E-01   0.1366E+00
   0.9014E+00   0.2236E+00   0.5653E-02  -0.9111E+00   0.1707E+00   0.4527E+00
   0.9736E+00   0.1514E+00  -0.2696E+00  -0.4602E+00   0.1026E+00   0.3649E+00
   0.9736E+00   0.2236E+00   0.1835E+00  -0.1125E+00   0.2596E+00  -0.3548E-01
   0.2642E-01   0.2764E+00   0.1045E+00   0.4751E+00   0.4154E+00  -0.2898E+00
   0.2642E-01   0.3486E+00  -0.2120E+00   0.2670E+00   0.6842E+00  -0.2749E-01
   0.9858E-01   0.2764E+00  -0.4182E+00   0.7122E+00   0.2674E+00  -0.1470E+00
   0.9858E-01   0.3486E+00  -0.1127E+00   0.1319E+01   0.4220E+00  -0.6033E+00
   0.1514E+00   0.2764E+00  -0.1621E+00   0.1287E+01   0.8463E-01  -0.5627E+00
   0.1514E+00   0.3486E+00  -0.5323E+00   0.1266E+01   0.1582E+00  -0.3668E+00
   0.2236E+00   0.2764E+00  -0.5277E+00   0.1062E+01  -0.1794E+00  -0.2674E+00
   0.2236E+00   0.3486E+00  -0.2221E+00   0.1695E+01  -0.1958E+00  -0.7365E+00
   0.2764E+00   0.2764E+00  -0.1688E+00   0.1320E+01  -0.3612E+00  -0.5756E+00
   0.2764E+00   0.3486E+00  -0.5146E+00   0.1240E+01  -0.4256E+00  -0.3627E+00
   0.3486E+00   0.2764E+00  -0.4233E+00   0.7334E+00  -0.5547E+00  -0.1551E+00
   0.3486E+00   0.3486E+00  -0.9014E-01   0.1241E+01  -0.6599E+00  -0.5752E+00
   0.4014E+00   0.2764E+00  -0.8366E-02   0.7841E+00  -0.6522E+00  -0.3879E+00
   0.4014E+00   0.3486E+00  -0.3355E+00   0.5641E+00  -0.7729E+00  -0.1143E+00
   0.4736E+00   0.2764E+00  -0.2150E+00   0.9124E-02  -0.7183E+00   0.1029E+00
   0.4736E+00   0.3486E+00   0.1192E+00   0.3708E+00  -0.8478E+00  -0.2450E+00
   0.5264E+00   0.2764E+00   0.2150E+00  -0.9124E-02  -0.7183E+00  -0.1029E+00
   0.5264E+00   0.3486E+00  -0.1192E+00  -0.3708E+00  -0.8478E+00   0.2450E+00
   0.5986E+00   0.2764E+00   0.8367E-02  -0.7841E+00  -0.6522E+00   0.3879E+00
   0.5986E+00   0.3486E+00   0.3355E+00  -0.5641E+00  -0.7729E+00   0.1143E+00
   0.6514E+00   0.2764E+00   0.4233E+00  -0.7334E+00  -0.5547E+00   0.1551E+00
   0.6514E+00   0.3486E+00   0.9014E-01  -0.1241E+01  -0.6599E+00   0.5752E+00
   0.7236E+00   0.2764E+00   0.1688E+00  -0.1320E+01  -0.3612E+00   0.5756E+00
   0.7236E+00   0.3486E+00   0.5146E+00  -0.1240E+01  -0.4256E+00   0.3627E+00
   0.7764E+00   0.2764E+00   0.5277E+00  -0.1062E+01  -0.1794E+00   0.2674E+00
   0.7764E+00   0.3486E+00   0.2221E+00  -0.1695E+01  -0.1958E+00   0.7365E+00
   0.8486E+00   0.2764E+00   0.1621E+00  -0.1287E+01   0.8463E-01   0.5627E+00
   0.8486E+00   0.3486E+00   0.5323E+00  -0.1266E+01   0.1582E+00   0.3668E+00
   0.9014E+00   0.2764E+00   0.4182E+00  -0.7122E+00   0.2674E+00   0.1470E+00
   0.9014E+00   0.3486E+00   0.1127E+00  -0.1319E+01   0.4220E+00   0.6033E+00
   0.9736E+00   0.2764E+00  -0.1045E+00  -0.4751E+00   0.4154E+00   0.2898E+00
   0.9736E+00   0.3486E+00   0.2120E+00  -0.2670E+00   0.6842E+00   0.2749E-01
   0.2642E-01   0.4014E+00   0.2053E+00   0.7712E+00   0.9239E+00  -0.4882E+00
   0.2642E-01   0.4736E+00   0.1194E+00   0.8240E+00   0.1319E+01  -0.4717E+00
   0.9858E-01   0.4014E+00  -0.3996E+00   0.1267E+01   0.5515E+00  -0.4336E+00
   0.9858E-01   0.4736E+00   0.1353E+00   0.2139E+01   0.7465E+00  -0.1137E+01
   0.1514E+00   0.4014E+00  -0.1564E+00   0.1899E+01   0.2108E+00  -0.8714E+00
   0.1514E+00   0.4736E+00  -0.2854E+00   0.2095E+01   0.2772E+00  -0.9047E+00
   0.2236E+00   0.4014E+00  -0.5071E+00   0.1633E+01  -0.2196E+00  -0.5630E+00
   0.2236E+00   0.4736E+00   0.4628E-01   0.2400E+01  -0.2609E+00  -0.1223E+01
   0.2764E+00   0.4014E+00  -0.1270E+00   0.1792E+01  -0.4841E+00  -0.8327E+00
   0.2764E+00   0.4736E+00  -0.2353E+00   0.1785E+01  -0.5562E+00  -0.7749E+00
   0.3486E+00   0.4014E+00  -0.3702E+00   0.1053E+01  -0.7403E+00  -0.3413E+00
   0.3486E+00   0.4736E+00   0.1518E+00   0.1578E+01  -0.8129E+00  -0.8647E+00
   0.4014E+00   0.4014E+00   0.3612E-01   0.9869E+00  -0.8578E+00  -0.5115E+00
   0.4014E+00   0.4736E+00  -0.1581E+00   0.7686E+00  -0.9149E+00  -0.3053E+00
   0.4736E+00   0.4014E+00  -0.2002E+00   0.6171E-01  -0.9335E+00   0.6924E-01
   0.4736E+00   0.4736E+00   0.1713E+00   0.4198E+00  -0.9762E+00  -0.2956E+00
   0.5264E+00   0.4014E+00   0.2002E+00  -0.6171E-01  -0.9335E+00  -0.6924E-01
   0.5264E+00   0.4736E+00  -0.1713E+00  -0.4198E+00  -0.9762E+00   0.2956E+00
   0.5986E+00   0.4014E+00  -0.3612E-01  -0.9869E+00  -0.8578E+00   0.5115E+00
   0.5986E+00   0.4736E+00   0.1581E+00  -0.7686E+00  -0.9149E+00   0.3053E+00
   0.6514E+00   0.4014E+00   0.3702E+00  -0.1053E+01  -0.7403E+00   0.3413E+00
   0.6514E+00   0.4736E+00  -0.1518E+00  -0.1578E+01  -0.8129E+00   0.8647E+00
   0.7236E+00   0.4014E+00   0.1270E+00  -0.1792E+01  -0.4841E+00   0.8327E+00
   0.7236E+00   0.4736E+00   0.2353E+00  -0.1785E+01  -0.5562E+00   0.7749E+00
   0.7764E+00   0.4014E+00   0.5071E+00  -0.1633E+01  -0.2196E+00   0.5630E+00
   0.7764E+00   0.4736E+00  -0.4628E-01  -0.2400E+01  -0.2609E+00   0.1223E+01
   0.8486E+00   0.4014E+00   0.1564E+00  -0.1899E+01   0.2108E+00   0.8714E+00
   0.8486E+00   0.4736E+00   0.2854E+00  -0.2095E+01   0.2772E+00   0.9047E+00
   0.9014E+00   0.4014E+00   0.3996E+00  -0.1267E+01   0.5515E+00   0.4336E+00
   0.9014E+00   0.4736E+00  -0.1353E+00  -0.2139E+01   0.7465E+00   0.1137E+01
   0.9736E+00   0.4014E+00  -0.2053E+00  -0.7712E+00   0.9239E+00   0.4882E+00
   0.9736E+00   0.4736E+00  -0.1194E+00  -0.8240E+00   0.1319E+01   0.4717E+00
   0.2642E-01   0.5264E+00   0.7568E+00   0.1581E+01   0.1662E+01  -0.1169E+01
   0.2642E-01   0.5986E+00   0.1094E+01   0.2118E+01   0.2221E+01  -0.1606E+01
   0.9858E-01   0.5264E+00   0.6740E-01   0.2337E+01   0.8958E+00  -0.1202E+01
   0.9858E-01   0.5986E+00   0.1041E+01   0.3656E+01   0.1087E+01  -0.2349E+01
   0.1514E+00   0.5264E+00   0.3273E+00   0.2916E+01   0.3092E+00  -0.1621E+01
   0.1514E+00   0.5986E+00   0.6843E+00   0.3385E+01   0.3144E+00  -0.2035E+01
   0.2236E+00   0.5264E+00   0.8400E-02   0.2427E+01  -0.3040E+00  -0.1218E+01
   0.2236E+00   0.5986E+00   0.1066E+01   0.3246E+01  -0.3581E+00  -0.2156E+01
   0.2764E+00   0.5264E+00   0.3877E+00   0.2362E+01  -0.6019E+00  -0.1375E+01
   0.2764E+00   0.5986E+00   0.7451E+00   0.2294E+01  -0.5933E+00  -0.1519E+01
   0.3486E+00   0.5264E+00   0.5927E-01   0.1369E+01  -0.8239E+00  -0.7141E+00
   0.3486E+00   0.5986E+00   0.9268E+00   0.1775E+01  -0.6929E+00  -0.1351E+01
   0.4014E+00   0.5264E+00   0.3420E+00   0.1165E+01  -0.8922E+00  -0.7534E+00
   0.4014E+00   0.5986E+00   0.3790E+00   0.8525E+00  -0.6751E+00  -0.6158E+00
   0.4736E+00   0.5264E+00  -0.1104E+00   0.1010E+00  -0.9267E+00   0.4706E-02
   0.4736E+00   0.5986E+00   0.3222E+00   0.4272E+00  -0.6492E+00  -0.3747E+00
   0.5264E+00   0.5264E+00   0.1104E+00  -0.1010E+00  -0.9267E+00  -0.4706E-02
   0.5264E+00   0.5986E+00  -0.3222E+00  -0.4272E+00  -0.6492E+00   0.3747E+00
   0.5986E+00   0.5264E+00  -0.3420E+00  -0.1165E+01  -0.8922E+00   0.7534E+00
   0.5986E+00   0.5986E+00  -0.3790E+00  -0.8525E+00  -0.6751E+00   0.6158E+00
   0.6514E+00   0.5264E+00  -0.5927E-01  -0.1369E+01  -0.8239E+00   0.7141E+00
   0.6514E+00   0.5986E+00  -0.9268E+00  -0.1775E+01  -0.6929E+00   0.1351E+01
   0.7236E+00   0.5264E+00  -0.3877E+00  -0.2362E+01  -0.6019E+00   0.1375E+01
   0.7236E+00   0.5986E+00  -0.7451E+00  -0.2294E+01  -0.5933E+00   0.1519E+01
   0.7764E+00   0.5264E+00  -0.8400E-02  -0.2427E+01  -0.3040E+00   0.1218E+01
   0.7764E+00   0.5986E+00  -0.1066E+01  -0.3246E+01  -0.3581E+00   0.2156E+01
   0.8486E+00   0.5264E+00  -0.3273E+00  -0.2916E+01   0.3092E+00   0.1621E+01
   0.8486E+00   0.5986E+00  -0.6843E+00  -0.3385E+01   0.3144E+00   0.2035E+01
   0.9014E+00   0.5264E+00  -0.6740E-01  -0.2337E+01   0.8958E+00   0.1202E+01
   0.9014E+00   0.5986E+00  -0.1041E+01  -0.3656E+01   0.1087E+01   0.2349E+01
   0.9736E+00   0.5264E+00  -0.7568E+00  -0.1581E+01   0.1662E+01   0.1169E+01
   0.9736E+00   0.5986E+00  -0.1094E+01  -0.2118E+01   0.2221E+01   0.1606E+01
   0.2642E-01   0.6514E+00   0.2153E+01   0.3367E+01   0.2699E+01  -0.2760E+01
   0.2642E-01   0.7236E+00   0.3404E+01   0.4950E+01   0.3478E+01  -0.4177E+01
   0.9858E-01   0.6514E+00   0.1413E+01   0.4284E+01   0.1189E+01  -0.2848E+01
   0.9858E-01   0.7236E+00   0.3391E+01   0.6367E+01   0.1198E+01  -0.4879E+01
   0.1514E+00   0.6514E+00   0.1797E+01   0.4417E+01   0.2478E+00  -0.3107E+01
   0.1514E+00   0.7236E+00   0.3278E+01   0.5044E+01   0.8714E-01  -0.4161E+01
   0.2236E+00   0.6514E+00   0.1544E+01   0.3227E+01  -0.4052E+00  -0.2386E+01
   0.2236E+00   0.7236E+00   0.3595E+01   0.3698E+01  -0.3002E+00  -0.3647E+01
   0.2764E+00   0.6514E+00   0.1825E+01   0.2722E+01  -0.5171E+00  -0.2274E+01
   0.2764E+00   0.7236E+00   0.2918E+01   0.2239E+01  -0.9432E-01  -0.2579E+01
   0.3486E+00   0.6514E+00   0.1155E+01   0.1398E+01  -0.4474E+00  -0.1277E+01
   0.3486E+00   0.7236E+00   0.2426E+01   0.1474E+01   0.2609E+00  -0.1950E+01
   0.4014E+00   0.6514E+00   0.1080E+01   0.1125E+01  -0.3345E+00  -0.1102E+01
   0.4014E+00   0.7236E+00   0.1343E+01   0.6060E+00   0.4990E+00  -0.9744E+00
   0.4736E+00   0.6514E+00   0.9570E-01   0.7483E-01  -0.2462E+00  -0.8526E-01
   0.4736E+00   0.7236E+00   0.5750E+00   0.3454E+00   0.6588E+00  -0.4602E+00
   0.5264E+00   0.6514E+00  -0.9570E-01  -0.7483E-01  -0.2462E+00   0.8526E-01
   0.5264E+00   0.7236E+00  -0.5750E+00  -0.3454E+00   0.6588E+00   0.4602E+00
   0.5986E+00   0.6514E+00  -0.1080E+01  -0.1125E+01  -0.3345E+00   0.1102E+01
   0.5986E+00   0.7236E+00  -0.1343E+01  -0.6060E+00   0.4990E+00   0.9744E+00
   0.6514E+00   0.6514E+00  -0.1155E+01  -0.1398E+01  -0.4474E+00   0.1277E+01
   0.6514E+00   0.7236E+00  -0.2426E+01  -0.1474E+01   0.2609E+00   0.1950E+01
   0.7236E+00   0.6514E+00  -0.1825E+01  -0.2722E+01  -0.5171E+00   0.2274E+01
   0.7236E+00   0.7236E+00  -0.2918E+01  -0.2239E+01  -0.9432E-01   0.2579E+01
   0.7764E+00   0.6514E+00  -0.1544E+01  -0.3227E+01  -0.4052E+00   0.2386E+01
   0.7764E+00   0.7236E+00  -0.3595E+01  -0.3698E+01  -0.3002E+00   0.3647E+01
   0.8486E+00   0.6514E+00  -0.1797E+01  -0.4417E+01   0.2478E+00   0.3107E+01
   0.8486E+00   0.7236E+00  -0.3278E+01  -0.5044E+01   0.8714E-01   0.4161E+01
   0.9014E+00   0.6514E+00  -0.1413E+01  -0.4284E+01   0.1189E+01   0.2848E+01
   0.9014E+00   0.7236E+00  -0.3391E+01  -0.6367E+01   0.1198E+01   0.4879E+01
   0.9736E+00   0.6514E+00  -0.2153E+01  -0.3367E+01   0.2699E+01   0.2760E+01
   0.9736E+00   0.7236E+00  -0.3404E+01  -0.4950E+01   0.3478E+01   0.4177E+01
   0.2642E-01   0.7632E+00   0.5205E+01   0.6975E+01   0.3961E+01  -0.6090E+01
   0.2642E-01   0.7993E+00   0.6147E+01   0.8157E+01   0.4439E+01  -0.7152E+01
   0.9858E-01   0.7632E+00   0.4229E+01   0.7082E+01   0.1078E+01  -0.5655E+01
   0.9858E-01   0.7993E+00   0.6663E+01   0.9011E+01   0.8693E+00  -0.7837E+01
   0.1514E+00   0.7632E+00   0.5214E+01   0.6012E+01  -0.5401E-01  -0.5613E+01
   0.1514E+00   0.7993E+00   0.6322E+01   0.5554E+01  -0.7726E-01  -0.5938E+01
   0.2236E+00   0.7632E+00   0.4332E+01   0.3055E+01  -0.9220E-01  -0.3694E+01
   0.2236E+00   0.7993E+00   0.6315E+01   0.3370E+01   0.3523E+00  -0.4842E+01
   0.2764E+00   0.7632E+00   0.4360E+01   0.2483E+01   0.3646E+00  -0.3421E+01
   0.2764E+00   0.7993E+00   0.4552E+01   0.1490E+01   0.1035E+01  -0.3021E+01
   0.3486E+00   0.7632E+00   0.2503E+01   0.7514E+00   0.8828E+00  -0.1627E+01
   0.3486E+00   0.7993E+00   0.3589E+01   0.1177E+01   0.1611E+01  -0.2383E+01
   0.4014E+00   0.7632E+00   0.2168E+01   0.9422E+00   0.1159E+01  -0.1555E+01
   0.4014E+00   0.7993E+00   0.1779E+01   0.1517E+00   0.1891E+01  -0.9655E+00
   0.4736E+00   0.7632E+00   0.1761E+00  -0.1845E+00   0.1341E+01   0.4204E-02
   0.4736E+00   0.7993E+00   0.8629E+00   0.4233E+00   0.2058E+01  -0.6431E+00
   0.5264E+00   0.7632E+00  -0.1761E+00   0.1845E+00   0.1341E+01  -0.4204E-02
   0.5264E+00   0.7993E+00  -0.8629E+00  -0.4233E+00   0.2058E+01   0.6431E+00
   0.5986E+00   0.7632E+00  -0.2168E+01  -0.9422E+00   0.1159E+01   0.1555E+01
   0.5986E+00   0.7993E+00  -0.1779E+01  -0.1517E+00   0.1891E+01   0.9655E+00
   0.6514E+00   0.7632E+00  -0.2503E+01  -0.7514E+00   0.8828E+00   0.1627E+01
   0.6514E+00   0.7993E+00  -0.3589E+01  -0.1177E+01   0.1611E+01   0.2383E+01
   0.7236E+00   0.7632E+00  -0.4360E+01  -0.2483E+01   0.3646E+00   0.3421E+01
   0.7236E+00   0.7993E+00  -0.4552E+01  -0.1490E+01   0.1035E+01   0.3021E+01
   0.7764E+00   0.7632E+00  -0.4332E+01  -0.3055E+01  -0.9220E-01   0.3694E+01
   0.7764E+00   0.7993E+00  -0.6315E+01  -0.3370E+01   0.3523E+00   0.4842E+01
   0.8486E+00   0.7632E+00  -0.5214E+01  -0.6012E+01  -0.5401E-01   0.5613E+01
   0.8486E+00   0.7993E+00  -0.6322E+01  -0.5554E+01  -0.7726E-01   0.5938E+01
   0.9014E+00   0.7632E+00  -0.4229E+01  -0.7082E+01   0.1078E+01   0.5655E+01
   0.9014E+00   0.7993E+00  -0.6663E+01  -0.9011E+01   0.8693E+00   0.7837E+01
   0.9736E+00   0.7632E+00  -0.5205E+01  -0.6975E+01   0.3961E+01   0.6090E+01
   0.9736E+00   0.7993E+00  -0.6147E+01  -0.8157E+01   0.4439E+01   0.7152E+01
   0.2642E-01   0.8257E+00   0.8413E+01   0.1061E+02   0.4815E+01  -0.9513E+01
   0.2642E-01   0.8618E+00   0.1086E+02   0.1315E+02   0.5325E+01  -0.1200E+02
   0.9858E-01   0.8257E+00   0.7616E+01   0.9305E+01   0.6031E+00  -0.8461E+01
   0.9858E-01   0.8618E+00   0.1166E+02   0.1124E+02   0.1965E+00  -0.1145E+02
   0.1514E+00   0.8257E+00   0.8660E+01   0.6198E+01  -0.5305E-02  -0.7429E+01
   0.1514E+00   0.8618E+00   0.1053E+02   0.4884E+01   0.6905E+00  -0.7708E+01
   0.2236E+00   0.8257E+00   0.6650E+01   0.2295E+01   0.9345E+00  -0.4472E+01
   0.2236E+00   0.8618E+00   0.8481E+01   0.2371E+01   0.2186E+01  -0.5426E+01
   0.2764E+00   0.8257E+00   0.5790E+01   0.1867E+01   0.1686E+01  -0.3829E+01
   0.2764E+00   0.8618E+00   0.5620E+01   0.8791E+00   0.2863E+01  -0.3250E+01
   0.3486E+00   0.8257E+00   0.3212E+01   0.3714E+00   0.2262E+01  -0.1792E+01
   0.3486E+00   0.8618E+00   0.3959E+01   0.8298E+00   0.3207E+01  -0.2394E+01
   0.4014E+00   0.8257E+00   0.2527E+01   0.6880E+00   0.2485E+01  -0.1607E+01
   0.4014E+00   0.8618E+00   0.2024E+01  -0.9785E-02   0.3380E+01  -0.1007E+01
   0.4736E+00   0.8257E+00   0.2904E+00  -0.2266E+00   0.2635E+01  -0.3191E-01
   0.4736E+00   0.8618E+00   0.8201E+00   0.3415E+00   0.3434E+01  -0.5808E+00
   0.5264E+00   0.8257E+00  -0.2904E+00   0.2266E+00   0.2635E+01   0.3191E-01
   0.5264E+00   0.8618E+00  -0.8201E+00  -0.3415E+00   0.3434E+01   0.5808E+00
   0.5986E+00   0.8257E+00  -0.2527E+01  -0.6880E+00   0.2485E+01   0.1607E+01
   0.5986E+00   0.8618E+00  -0.2024E+01   0.9785E-02   0.3380E+01   0.1007E+01
   0.6514E+00   0.8257E+00  -0.3212E+01  -0.3714E+00   0.2262E+01   0.1792E+01
   0.6514E+00   0.8618E+00  -0.3959E+01  -0.8298E+00   0.3207E+01   0.2394E+01
   0.7236E+00   0.8257E+00  -0.5790E+01  -0.1867E+01   0.1686E+01   0.3829E+01
   0.7236E+00   0.8618E+00  -0.5620E+01  -0.8791E+00   0.2863E+01   0.3250E+01
   0.7764E+00   0.8257E+00  -0.6650E+01  -0.2295E+01   0.9345E+00   0.4472E+01
   0.7764E+00   0.8618E+00  -0.8481E+01  -0.2371E+01   0.2186E+01   0.5426E+01
   0.8486E+00   0.8257E+00  -0.8660E+01  -0.6198E+01  -0.5306E-02   0.7429E+01
   0.8486E+00   0.8618E+00  -0.1053E+02  -0.4884E+01   0.6905E+00   0.7708E+01
   0.9014E+00   0.8257E+00  -0.7616E+01  -0.9305E+01   0.6031E+00   0.8461E+01
   0.9014E+00   0.8618E+00  -0.1166E+02  -0.1124E+02   0.1965E+00   0.1145E+02
   0.9736E+00   0.8257E+00  -0.8413E+01  -0.1061E+02   0.4815E+01   0.9513E+01
   0.9736E+00   0.8618E+00  -0.1086E+02  -0.1315E+02   0.5325E+01   0.1200E+02
   0.2642E-01   0.8882E+00   0.1506E+02   0.1731E+02   0.5748E+01  -0.1618E+02
   0.2642E-01   0.9243E+00   0.2288E+02   0.2291E+02   0.6295E+01  -0.2290E+02
   0.9858E-01   0.8882E+00   0.1400E+02   0.1106E+02  -0.2375E+00  -0.1253E+02
   0.9858E-01   0.9243E+00   0.2170E+02   0.1142E+02   0.4985E+00  -0.1656E+02
   0.1514E+00   0.8882E+00   0.1371E+02   0.4639E+01   0.1807E+01  -0.9176E+01
   0.1514E+00   0.9243E+00   0.1393E+02   0.1688E+01   0.5734E+01  -0.7810E+01
   0.2236E+00   0.8882E+00   0.8153E+01   0.1266E+01   0.3703E+01  -0.4709E+01
   0.2236E+00   0.9243E+00   0.8169E+01   0.2449E+01   0.5515E+01  -0.5309E+01
   0.2764E+00   0.8882E+00   0.6369E+01   0.1428E+01   0.3743E+01  -0.3899E+01
   0.2764E+00   0.9243E+00   0.5716E+01   0.6304E+00   0.5248E+01  -0.3173E+01
   0.3486E+00   0.8882E+00   0.3425E+01   0.1534E+00   0.4031E+01  -0.1789E+01
   0.3486E+00   0.9243E+00   0.3240E+01   0.6709E+00   0.5106E+01  -0.1956E+01
   0.4014E+00   0.8882E+00   0.2388E+01   0.5055E+00   0.4023E+01  -0.1447E+01
   0.4014E+00   0.9243E+00   0.1887E+01   0.2036E+00   0.4834E+01  -0.1045E+01
   0.4736E+00   0.8882E+00   0.3912E+00  -0.1574E+00   0.4021E+01  -0.1169E+00
   0.4736E+00   0.9243E+00   0.5565E+00   0.1528E+00   0.4762E+01  -0.3547E+00
   0.5264E+00   0.8882E+00  -0.3912E+00   0.1574E+00   0.4021E+01   0.1169E+00
   0.5264E+00   0.9243E+00  -0.5565E+00  -0.1528E+00   0.4762E+01   0.3547E+00
   0.5986E+00   0.8882E+00  -0.2388E+01  -0.5055E+00   0.4023E+01   0.1447E+01
   0.5986E+00   0.9243E+00  -0.1887E+01  -0.2036E+00   0.4834E+01   0.1045E+01
   0.6514E+00   0.8882E+00  -0.3425E+01  -0.1534E+00   0.4031E+01   0.1789E+01
   0.6514E+00   0.9243E+00  -0.3240E+01  -0.6709E+00   0.5106E+01   0.1956E+01
   0.7236E+00   0.8882E+00  -0.6369E+01  -0.1428E+01   0.3743E+01   0.3899E+01
   0.7236E+00   0.9243E+00  -0.5716E+01  -0.6304E+00   0.5248E+01   0.3173E+01
   0.7764E+00   0.8882E+00  -0.8153E+01  -0.1266E+01   0.3703E+01   0.4709E+01
   0.7764E+00   0.9243E+00  -0.8169E+01  -0.2449E+01   0.5515E+01   0.5309E+01
   0.8486E+00   0.8882E+00  -0.1371E+02  -0.4639E+01   0.1807E+01   0.9176E+01
   0.8486E+00   0.9243E+00  -0.1393E+02  -0.1688E+01   0.5734E+01   0.7810E+01
   0.9014E+00   0.8882E+00  -0.1400E+02  -0.1106E+02  -0.2375E+00   0.1253E+02
   0.9014E+00   0.9243E+00  -0.2170E+02  -0.1142E+02   0.4985E+00   0.1656E+02
   0.9736E+00   0.8882E+00  -0.1506E+02  -0.1731E+02   0.5748E+01   0.1618E+02
   0.9736E+00   0.9243E+00  -0.2288E+02  -0.2291E+02   0.6295E+01   0.2290E+02
   0.2642E-01   0.9507E+00   0.4679E+02   0.3373E+02   0.6471E+01  -0.4026E+02
   0.2642E-01   0.9868E+00   0.5750E+02   0.4536E+02   0.3108E+02  -0.5143E+02
   0.9858E-01   0.9507E+00   0.2443E+02   0.4694E+01   0.6209E+01  -0.1456E+02
   0.9858E-01   0.9868E+00   0.1242E+02   0.9623E+00   0.1634E+02  -0.6690E+01
   0.1514E+00   0.9507E+00   0.1278E+02   0.3721E+01   0.9536E+01  -0.8253E+01
   0.1514E+00   0.9868E+00   0.1053E+02   0.8691E+01   0.1235E+02  -0.9612E+01
   0.2236E+00   0.9507E+00   0.7498E+01   0.2156E+01   0.6463E+01  -0.4827E+01
   0.2236E+00   0.9868E+00   0.4013E+01   0.1361E+01   0.8811E+01  -0.2687E+01
   0.2764E+00   0.9507E+00   0.4713E+01   0.9524E+00   0.6702E+01  -0.2833E+01
   0.2764E+00   0.9868E+00   0.3216E+01   0.2441E+01   0.7574E+01  -0.2828E+01
   0.3486E+00   0.9507E+00   0.2684E+01   0.8040E+00   0.5597E+01  -0.1744E+01
   0.3486E+00   0.9868E+00   0.1519E+01   0.7400E+00   0.6381E+01  -0.1130E+01
   0.4014E+00   0.9507E+00   0.1610E+01   0.3156E+00   0.5464E+01  -0.9630E+00
   0.4014E+00   0.9868E+00   0.1009E+01   0.7323E+00   0.5960E+01  -0.8706E+00
   0.4736E+00   0.9507E+00   0.3646E+00   0.1442E+00   0.5194E+01  -0.2544E+00
   0.4736E+00   0.9868E+00   0.2244E+00   0.7909E-01   0.5649E+01  -0.1518E+00
   0.5264E+00   0.9507E+00  -0.3646E+00  -0.1442E+00   0.5194E+01   0.2544E+00
   0.5264E+00   0.9868E+00  -0.2244E+00  -0.7909E-01   0.5649E+01   0.1518E+00
   0.5986E+00   0.9507E+00  -0.1610E+01  -0.3156E+00   0.5464E+01   0.9630E+00
   0.5986E+00   0.9868E+00  -0.1009E+01  -0.7323E+00   0.5960E+01   0.8706E+00
   0.6514E+00   0.9507E+00  -0.2684E+01  -0.8040E+00   0.5597E+01   0.1744E+01
   0.6514E+00   0.9868E+00  -0.1519E+01  -0.7400E+00   0.6381E+01   0.1130E+01
   0.7236E+00   0.9507E+00  -0.4713E+01  -0.9524E+00   0.6702E+01   0.2833E+01
   0.7236E+00   0.9868E+00  -0.3216E+01  -0.2441E+01   0.7574E+01   0.2828E+01
   0.7764E+00   0.9507E+00  -0.7498E+01  -0.2156E+01   0.6463E+01   0.4827E+01
   0.7764E+00   0.9868E+00  -0.4013E+01  -0.1361E+01   0.8811E+01   0.2687E+01
   0.8486E+00   0.9507E+00  -0.1278E+02  -0.3721E+01   0.9536E+01   0.8253E+01
   0.8486E+00   0.9868E+00  -0.1053E+02  -0.8691E+01   0.1235E+02   0.9612E+01
   0.9014E+00   0.9507E+00  -0.2443E+02  -0.4694E+01   0.6209E+01   0.1456E+02
   0.9014E+00   0.9868E+00  -0.1242E+02  -0.9623E+00   0.1634E+02   0.6690E+01
   0.9736E+00   0.9507E+00  -0.4679E+02  -0.3373E+02   0.6471E+01   0.4026E+02
   0.9736E+00   0.9868E+00  -0.5750E+02  -0.4536E+02   0.3108E+02   0.5143E+02