   0.3125E-01   0.3125E-01  -0.1915E+02  -0.1916E+02  -0.1915E-06   0.1915E+02
   0.9375E-01   0.3125E-01  -0.1968E+02  -0.1959E+02   0.6824E-02   0.1963E+02
   0.1562E+00   0.3125E-01  -0.1885E+02  -0.1852E+02  -0.9393E-01   0.1869E+02
   0.2188E+00   0.3125E-01  -0.1911E+02  -0.1855E+02  -0.3141E+00   0.1883E+02
   0.2812E+00   0.3125E-01  -0.1803E+02  -0.1722E+02  -0.6594E+00   0.1762E+02
   0.3438E+00   0.3125E-01  -0.1810E+02  -0.1717E+02  -0.1119E+01   0.1764E+02
   0.4062E+00   0.3125E-01  -0.1696E+02  -0.1615E+02  -0.1593E+01   0.1655E+02
   0.4688E+00   0.3125E-01  -0.1747E+02  -0.1707E+02  -0.1934E+01   0.1727E+02
   0.5312E+00   0.3125E-01  -0.1738E+02  -0.1760E+02  -0.1993E+01   0.1749E+02
   0.5938E+00   0.3125E-01  -0.1911E+02  -0.1995E+02  -0.1717E+01   0.1953E+02
   0.6562E+00   0.3125E-01  -0.1917E+02  -0.2038E+02  -0.1155E+01   0.1978E+02
   0.7188E+00   0.3125E-01  -0.1960E+02  -0.2074E+02  -0.5073E+00   0.2017E+02
   0.7812E+00   0.3125E-01  -0.1800E+02  -0.1867E+02  -0.2158E-01   0.1833E+02
   0.8438E+00   0.3125E-01  -0.1777E+02  -0.1791E+02   0.1684E+00   0.1784E+02
   0.9062E+00   0.3125E-01  -0.1657E+02  -0.1640E+02   0.1266E+00   0.1649E+02
   0.9688E+00   0.3125E-01  -0.1709E+02  -0.1696E+02   0.1703E-06   0.1703E+02
   0.3125E-01   0.9375E-01  -0.1997E+02  -0.1984E+02  -0.6825E-02   0.1991E+02
   0.9375E-01   0.9375E-01  -0.1942E+02  -0.1887E+02  -0.3743E-01   0.1914E+02
   0.1562E+00   0.9375E-01  -0.2005E+02  -0.1889E+02  -0.2426E+00   0.1947E+02
   0.2188E+00   0.9375E-01  -0.1929E+02  -0.1752E+02  -0.5319E+00   0.1840E+02
   0.2812E+00   0.9375E-01  -0.1940E+02  -0.1720E+02  -0.8884E+00   0.1830E+02
   0.3438E+00   0.9375E-01  -0.1780E+02  -0.1557E+02  -0.1242E+01   0.1669E+02
   0.4062E+00   0.9375E-01  -0.1720E+02  -0.1547E+02  -0.1497E+01   0.1634E+02
   0.4688E+00   0.9375E-01  -0.1564E+02  -0.1485E+02  -0.1634E+01   0.1525E+02
   0.5312E+00   0.9375E-01  -0.1624E+02  -0.1664E+02  -0.1692E+01   0.1644E+02
   0.5938E+00   0.9375E-01  -0.1633E+02  -0.1796E+02  -0.1675E+01   0.1714E+02
   0.6562E+00   0.9375E-01  -0.1777E+02  -0.2034E+02  -0.1496E+01   0.1906E+02
   0.7188E+00   0.9375E-01  -0.1714E+02  -0.1998E+02  -0.1076E+01   0.1856E+02
   0.7812E+00   0.9375E-01  -0.1734E+02  -0.1953E+02  -0.5409E+00   0.1843E+02
   0.8438E+00   0.9375E-01  -0.1633E+02  -0.1734E+02  -0.1653E+00   0.1684E+02
   0.9062E+00   0.9375E-01  -0.1699E+02  -0.1705E+02  -0.3716E-01   0.1702E+02
   0.9688E+00   0.9375E-01  -0.1628E+02  -0.1615E+02  -0.1266E+00   0.1621E+02
   0.3125E-01   0.1562E+00  -0.1987E+02  -0.1938E+02   0.1314E+00   0.1962E+02
   0.9375E-01   0.1562E+00  -0.2063E+02  -0.1927E+02   0.7658E-01   0.1995E+02
   0.1562E+00   0.1562E+00  -0.1997E+02  -0.1783E+02  -0.1262E+00   0.1890E+02
   0.2188E+00   0.1562E+00  -0.2001E+02  -0.1722E+02  -0.3836E+00   0.1862E+02
   0.2812E+00   0.1562E+00  -0.1782E+02  -0.1485E+02  -0.6808E+00   0.1633E+02
   0.3438E+00   0.1562E+00  -0.1583E+02  -0.1325E+02  -0.9641E+00   0.1454E+02
   0.4062E+00   0.1562E+00  -0.1227E+02  -0.1047E+02  -0.1191E+01   0.1137E+02
   0.4688E+00   0.1562E+00  -0.1078E+02  -0.9902E+01  -0.1377E+01   0.1034E+02
   0.5312E+00   0.1562E+00  -0.9587E+01  -0.9688E+01  -0.1545E+01   0.9637E+01
   0.5938E+00   0.1562E+00  -0.1133E+02  -0.1253E+02  -0.1672E+01   0.1193E+02
   0.6562E+00   0.1562E+00  -0.1259E+02  -0.1503E+02  -0.1641E+01   0.1381E+02
   0.7188E+00   0.1562E+00  -0.1479E+02  -0.1835E+02  -0.1280E+01   0.1657E+02
   0.7812E+00   0.1562E+00  -0.1465E+02  -0.1845E+02  -0.5824E+00   0.1655E+02
   0.8438E+00   0.1562E+00  -0.1559E+02  -0.1827E+02   0.2102E-01   0.1693E+02
   0.9062E+00   0.1562E+00  -0.1534E+02  -0.1641E+02   0.1405E+00   0.1588E+02
   0.9688E+00   0.1562E+00  -0.1633E+02  -0.1650E+02  -0.1312E+00   0.1641E+02
   0.3125E-01   0.2188E+00  -0.2082E+02  -0.1994E+02   0.4801E+00   0.2038E+02
   0.9375E-01   0.2188E+00  -0.2034E+02  -0.1819E+02   0.3008E+00   0.1927E+02
   0.1562E+00   0.2188E+00  -0.2029E+02  -0.1746E+02   0.1800E+00   0.1887E+02
   0.2188E+00   0.2188E+00  -0.1767E+02  -0.1449E+02  -0.3348E-01   0.1608E+02
   0.2812E+00   0.2188E+00  -0.1441E+02  -0.1148E+02  -0.3032E+00   0.1295E+02
   0.3438E+00   0.2188E+00  -0.8575E+01  -0.6315E+01  -0.5208E+00   0.7445E+01
   0.4062E+00   0.2188E+00  -0.4034E+01  -0.2559E+01  -0.6259E+00   0.3297E+01
   0.4688E+00   0.2188E+00   0.2890E+00   0.1081E+01  -0.6543E+00  -0.6849E+00
   0.5312E+00   0.2188E+00   0.9335E+00   0.1167E+01  -0.7013E+00  -0.1050E+01
   0.5938E+00   0.2188E+00   0.2950E+00  -0.7723E-01  -0.8438E+00  -0.1089E+00
   0.6562E+00   0.2188E+00  -0.3818E+01  -0.5173E+01  -0.1048E+01   0.4496E+01
   0.7188E+00   0.2188E+00  -0.7523E+01  -0.1045E+02  -0.1068E+01   0.8986E+01
   0.7812E+00   0.2188E+00  -0.1173E+02  -0.1623E+02  -0.5620E+00   0.1398E+02
   0.8438E+00   0.2188E+00  -0.1290E+02  -0.1738E+02   0.2969E+00   0.1514E+02
   0.9062E+00   0.2188E+00  -0.1469E+02  -0.1719E+02   0.5690E+00   0.1594E+02
   0.9688E+00   0.2188E+00  -0.1460E+02  -0.1519E+02   0.4645E-01   0.1490E+02
   0.3125E-01   0.2812E+00  -0.1974E+02  -0.1858E+02   0.1017E+01   0.1916E+02
   0.9375E-01   0.2812E+00  -0.2019E+02  -0.1762E+02   0.5710E+00   0.1891E+02
   0.1562E+00   0.2812E+00  -0.1773E+02  -0.1477E+02   0.5445E+00   0.1625E+02
   0.2188E+00   0.2812E+00  -0.1408E+02  -0.1117E+02   0.3248E+00   0.1262E+02
   0.2812E+00   0.2812E+00  -0.6704E+01  -0.4393E+01   0.5727E-01   0.5549E+01
   0.3438E+00   0.2812E+00   0.5750E+00   0.2055E+01  -0.1012E+00  -0.1315E+01
   0.4062E+00   0.2812E+00   0.8253E+01   0.9018E+01  -0.1027E+00  -0.8636E+01
   0.4688E+00   0.2812E+00   0.1231E+02   0.1267E+02  -0.3093E-01  -0.1249E+02
   0.5312E+00   0.2812E+00   0.1473E+02   0.1497E+02   0.1632E-01  -0.1485E+02
   0.5938E+00   0.2812E+00   0.1289E+02   0.1312E+02  -0.4016E-01  -0.1300E+02
   0.6562E+00   0.2812E+00   0.9550E+01   0.9568E+01  -0.2480E+00  -0.9559E+01
   0.7188E+00   0.2812E+00   0.2424E+01   0.1375E+01  -0.5296E+00  -0.1899E+01
   0.7812E+00   0.2812E+00  -0.4211E+01  -0.7518E+01  -0.4367E+00   0.5864E+01
   0.8438E+00   0.2812E+00  -0.1018E+02  -0.1542E+02   0.4705E+00   0.1280E+02
   0.9062E+00   0.2812E+00  -0.1195E+02  -0.1610E+02   0.1211E+01   0.1402E+02
   0.9688E+00   0.2812E+00  -0.1375E+02  -0.1500E+02   0.4582E+00   0.1437E+02
   0.3125E-01   0.3438E+00  -0.1848E+02  -0.1730E+02   0.1640E+01   0.1789E+02
   0.9375E-01   0.3438E+00  -0.1728E+02  -0.1478E+02   0.8084E+00   0.1603E+02
   0.1562E+00   0.3438E+00  -0.1455E+02  -0.1196E+02   0.8245E+00   0.1326E+02
   0.2188E+00   0.3438E+00  -0.7346E+01  -0.5124E+01   0.5385E+00   0.6235E+01
   0.2812E+00   0.3438E+00   0.1253E+01   0.2717E+01   0.2180E+00  -0.1985E+01
   0.3438E+00   0.3438E+00   0.1144E+02   0.1213E+02   0.4068E-01  -0.1178E+02
   0.4062E+00   0.3438E+00   0.1848E+02   0.1869E+02   0.2141E-01  -0.1859E+02
   0.4688E+00   0.3438E+00   0.2385E+02   0.2393E+02   0.5960E-01  -0.2389E+02
   0.5312E+00   0.3438E+00   0.2497E+02   0.2511E+02   0.8021E-01  -0.2504E+02
   0.5938E+00   0.3438E+00   0.2470E+02   0.2502E+02   0.8825E-01  -0.2486E+02
   0.6562E+00   0.3438E+00   0.2043E+02   0.2101E+02   0.4055E-01  -0.2072E+02
   0.7188E+00   0.3438E+00   0.1466E+02   0.1517E+02  -0.1697E+00  -0.1492E+02
   0.7812E+00   0.3438E+00   0.4840E+01   0.3839E+01  -0.3428E+00  -0.4339E+01
   0.8438E+00   0.3438E+00  -0.3675E+01  -0.7777E+01   0.3994E+00   0.5726E+01
   0.9062E+00   0.3438E+00  -0.9579E+01  -0.1474E+02   0.1919E+01   0.1216E+02
   0.9688E+00   0.3438E+00  -0.1102E+02  -0.1323E+02   0.1305E+01   0.1213E+02
   0.3125E-01   0.4062E+00  -0.1479E+02  -0.1386E+02   0.2196E+01   0.1433E+02
   0.9375E-01   0.4062E+00  -0.1427E+02  -0.1231E+02   0.9869E+00   0.1329E+02
   0.1562E+00   0.4062E+00  -0.9118E+01  -0.7214E+01   0.9645E+00   0.8166E+01
   0.2188E+00   0.4062E+00  -0.1419E+01   0.6638E-02   0.5930E+00   0.7062E+00
   0.2812E+00   0.4062E+00   0.9696E+01   0.1048E+02   0.1960E+00  -0.1009E+02
   0.3438E+00   0.4062E+00   0.1906E+02   0.1933E+02  -0.1802E-01  -0.1920E+02
   0.4062E+00   0.4062E+00   0.2710E+02   0.2719E+02  -0.4923E-01  -0.2714E+02
   0.4688E+00   0.4062E+00   0.3085E+02   0.3098E+02  -0.4336E-01  -0.3091E+02
   0.5312E+00   0.4062E+00   0.3319E+02   0.3338E+02  -0.6575E-01  -0.3329E+02
   0.5938E+00   0.4062E+00   0.3175E+02   0.3198E+02  -0.9098E-01  -0.3187E+02
   0.6562E+00   0.4062E+00   0.2932E+02   0.2972E+02  -0.8236E-01  -0.2952E+02
   0.7188E+00   0.4062E+00   0.2296E+02   0.2379E+02  -0.1715E+00  -0.2337E+02
   0.7812E+00   0.4062E+00   0.1506E+02   0.1569E+02  -0.4679E+00  -0.1537E+02
   0.8438E+00   0.4062E+00   0.3417E+01   0.1490E+01  -0.8499E-01  -0.2453E+01
   0.9062E+00   0.4062E+00  -0.4435E+01  -0.9360E+01   0.2193E+01   0.6898E+01
   0.9688E+00   0.4062E+00  -0.8980E+01  -0.1190E+02   0.2665E+01   0.1044E+02
   0.3125E-01   0.4688E+00  -0.1188E+02  -0.1142E+02   0.2562E+01   0.1165E+02
   0.9375E-01   0.4688E+00  -0.9824E+01  -0.8723E+01   0.1128E+01   0.9274E+01
   0.1562E+00   0.4688E+00  -0.5157E+01  -0.4053E+01   0.9741E+00   0.4605E+01
   0.2188E+00   0.4688E+00   0.4468E+01   0.5204E+01   0.5460E+00  -0.4836E+01
   0.2812E+00   0.4688E+00   0.1466E+02   0.1505E+02   0.9876E-01  -0.1486E+02
   0.3438E+00   0.4688E+00   0.2502E+02   0.2520E+02  -0.9610E-01  -0.2511E+02
   0.4062E+00   0.4688E+00   0.3146E+02   0.3164E+02  -0.9326E-01  -0.3155E+02
   0.4688E+00   0.4688E+00   0.3633E+02   0.3660E+02  -0.5941E-01  -0.3646E+02
   0.5312E+00   0.4688E+00   0.3737E+02   0.3768E+02  -0.8099E-01  -0.3752E+02
   0.5938E+00   0.4688E+00   0.3736E+02   0.3766E+02  -0.1249E+00  -0.3751E+02
   0.6562E+00   0.4688E+00   0.3370E+02   0.3396E+02  -0.1439E+00  -0.3383E+02
   0.7188E+00   0.4688E+00   0.2930E+02   0.2984E+02  -0.1677E+00  -0.2957E+02
   0.7812E+00   0.4688E+00   0.2104E+02   0.2213E+02  -0.5513E+00  -0.2159E+02
   0.8438E+00   0.4688E+00   0.1155E+02   0.1139E+02  -0.7925E+00  -0.1147E+02
   0.9062E+00   0.4688E+00   0.5410E+00  -0.3254E+01   0.1666E+01   0.1356E+01
   0.9688E+00   0.4688E+00  -0.3800E+01  -0.6771E+01   0.4222E+01   0.5285E+01
   0.3125E-01   0.5312E+00  -0.8475E+01  -0.8572E+01   0.2650E+01   0.8523E+01
   0.9375E-01   0.5312E+00  -0.7412E+01  -0.7310E+01   0.1262E+01   0.7361E+01
   0.1562E+00   0.5312E+00  -0.1507E+01  -0.1204E+01   0.9214E+00   0.1355E+01
   0.2188E+00   0.5312E+00   0.6915E+01   0.7067E+01   0.4977E+00  -0.6991E+01
   0.2812E+00   0.5312E+00   0.1802E+02   0.1814E+02   0.6242E-01  -0.1808E+02
   0.3438E+00   0.5312E+00   0.2687E+02   0.2704E+02  -0.1013E+00  -0.2695E+02
   0.4062E+00   0.5312E+00   0.3443E+02   0.3468E+02  -0.6308E-01  -0.3456E+02
   0.4688E+00   0.5312E+00   0.3807E+02   0.3838E+02  -0.1653E-01  -0.3823E+02
   0.5312E+00   0.5312E+00   0.4051E+02   0.4088E+02  -0.2317E-01  -0.4070E+02
   0.5938E+00   0.5312E+00   0.3913E+02   0.3957E+02  -0.7473E-01  -0.3935E+02
   0.6562E+00   0.5312E+00   0.3681E+02   0.3723E+02  -0.1294E+00  -0.3702E+02
   0.7188E+00   0.5312E+00   0.3104E+02   0.3150E+02  -0.1332E+00  -0.3127E+02
   0.7812E+00   0.5312E+00   0.2501E+02   0.2608E+02  -0.4387E+00  -0.2554E+02
   0.8438E+00   0.5312E+00   0.1550E+02   0.1640E+02  -0.1357E+01  -0.1595E+02
   0.9062E+00   0.5312E+00   0.6783E+01   0.4341E+01   0.5508E+00  -0.5562E+01
   0.9688E+00   0.5312E+00   0.7829E+00  -0.1737E+01   0.5637E+01   0.4770E+00
   0.3125E-01   0.5938E+00  -0.7487E+01  -0.8094E+01   0.2465E+01   0.7791E+01
   0.9375E-01   0.5938E+00  -0.5365E+01  -0.6232E+01   0.1384E+01   0.5798E+01
   0.1562E+00   0.5938E+00  -0.1029E+01  -0.1527E+01   0.8501E+00   0.1278E+01
   0.2188E+00   0.5938E+00   0.7897E+01   0.7507E+01   0.4498E+00  -0.7702E+01
   0.2812E+00   0.5938E+00   0.1729E+02   0.1711E+02   0.5581E-01  -0.1720E+02
   0.3438E+00   0.5938E+00   0.2712E+02   0.2719E+02  -0.7814E-01  -0.2715E+02
   0.4062E+00   0.5938E+00   0.3356E+02   0.3378E+02  -0.3071E-01  -0.3367E+02
   0.4688E+00   0.5938E+00   0.3866E+02   0.3895E+02   0.3876E-01  -0.3880E+02
   0.5312E+00   0.5938E+00   0.3984E+02   0.4024E+02   0.4429E-01  -0.4004E+02
   0.5938E+00   0.5938E+00   0.3978E+02   0.4032E+02   0.1181E-01  -0.4005E+02
   0.6562E+00   0.5938E+00   0.3579E+02   0.3649E+02  -0.6143E-01  -0.3614E+02
   0.7188E+00   0.5938E+00   0.3126E+02   0.3198E+02  -0.1007E+00  -0.3162E+02
   0.7812E+00   0.5938E+00   0.2388E+02   0.2505E+02  -0.2308E+00  -0.2447E+02
   0.8438E+00   0.5938E+00   0.1721E+02   0.1877E+02  -0.1638E+01  -0.1799E+02
   0.9062E+00   0.5938E+00   0.8819E+01   0.7624E+01  -0.7909E+00  -0.8221E+01
   0.9688E+00   0.5938E+00   0.5300E+01   0.3372E+01   0.6742E+01  -0.4336E+01
   0.3125E-01   0.6562E+00  -0.6603E+01  -0.7539E+01   0.2043E+01   0.7071E+01
   0.9375E-01   0.6562E+00  -0.5833E+01  -0.7514E+01   0.1428E+01   0.6673E+01
   0.1562E+00   0.6562E+00  -0.1371E+01  -0.2671E+01   0.7862E+00   0.2021E+01
   0.2188E+00   0.6562E+00   0.5286E+01   0.4288E+01   0.4038E+00  -0.4787E+01
   0.2812E+00   0.6562E+00   0.1494E+02   0.1431E+02   0.9909E-01  -0.1463E+02
   0.3438E+00   0.6562E+00   0.2338E+02   0.2316E+02  -0.7511E-02  -0.2327E+02
   0.4062E+00   0.6562E+00   0.3127E+02   0.3134E+02   0.6139E-01  -0.3130E+02
   0.4688E+00   0.6562E+00   0.3540E+02   0.3564E+02   0.1362E+00  -0.3552E+02
   0.5312E+00   0.6562E+00   0.3805E+02   0.3846E+02   0.1648E+00  -0.3826E+02
   0.5938E+00   0.6562E+00   0.3647E+02   0.3711E+02   0.1237E+00  -0.3679E+02
   0.6562E+00   0.6562E+00   0.3357E+02   0.3453E+02   0.6495E-01  -0.3405E+02
   0.7188E+00   0.6562E+00   0.2697E+02   0.2816E+02  -0.6392E-01  -0.2757E+02
   0.7812E+00   0.6562E+00   0.2083E+02   0.2239E+02  -0.1616E-01  -0.2161E+02
   0.8438E+00   0.6562E+00   0.1307E+02   0.1531E+02  -0.1651E+01  -0.1419E+02
   0.9062E+00   0.6562E+00   0.8184E+01   0.8037E+01  -0.2180E+01  -0.8111E+01
   0.9688E+00   0.6562E+00   0.4208E+01   0.2802E+01   0.7564E+01  -0.3505E+01
   0.3125E-01   0.7188E+00  -0.7542E+01  -0.8554E+01   0.1529E+01   0.8048E+01
   0.9375E-01   0.7188E+00  -0.6159E+01  -0.8293E+01   0.1323E+01   0.7226E+01
   0.1562E+00   0.7188E+00  -0.4130E+01  -0.6196E+01   0.6787E+00   0.5163E+01
   0.2188E+00   0.7188E+00   0.1785E+01   0.9840E-01   0.2749E+00  -0.9417E+00
   0.2812E+00   0.7188E+00   0.9049E+01   0.7780E+01   0.3588E-01  -0.8415E+01
   0.3438E+00   0.7188E+00   0.1816E+02   0.1742E+02  -0.2012E-01  -0.1779E+02
   0.4062E+00   0.7188E+00   0.2513E+02   0.2485E+02   0.5958E-01  -0.2499E+02
   0.4688E+00   0.7188E+00   0.3099E+02   0.3106E+02   0.1813E+00  -0.3103E+02
   0.5312E+00   0.7188E+00   0.3260E+02   0.3299E+02   0.2498E+00  -0.3279E+02
   0.5938E+00   0.7188E+00   0.3239E+02   0.3314E+02   0.2526E+00  -0.3276E+02
   0.6562E+00   0.7188E+00   0.2756E+02   0.2878E+02   0.2262E+00  -0.2817E+02
   0.7188E+00   0.7188E+00   0.2173E+02   0.2346E+02   0.5593E-01  -0.2260E+02
   0.7812E+00   0.7188E+00   0.1310E+02   0.1530E+02   0.1463E+00  -0.1420E+02
   0.8438E+00   0.7188E+00   0.6676E+01   0.9732E+01  -0.1430E+01  -0.8204E+01
   0.9062E+00   0.7188E+00   0.9021E+00   0.1727E+01  -0.3613E+01  -0.1314E+01
   0.9688E+00   0.7188E+00  -0.1870E+00  -0.1228E+01   0.8148E+01   0.7077E+00
   0.3125E-01   0.7656E+00  -0.7402E+01  -0.8304E+01   0.1120E+01   0.7853E+01
   0.9375E-01   0.7656E+00  -0.7747E+01  -0.9972E+01   0.1140E+01   0.8860E+01
   0.1562E+00   0.7656E+00  -0.5433E+01  -0.7942E+01   0.5563E+00   0.6687E+01
   0.2188E+00   0.7656E+00  -0.2625E+01  -0.4897E+01   0.1366E+00   0.3761E+01
   0.2812E+00   0.7656E+00   0.4845E+01   0.3019E+01  -0.3652E-01  -0.3932E+01
   0.3438E+00   0.7656E+00   0.1184E+02   0.1056E+02  -0.5695E-01  -0.1120E+02
   0.4062E+00   0.7656E+00   0.2063E+02   0.1994E+02   0.6318E-01  -0.2029E+02
   0.4688E+00   0.7656E+00   0.2503E+02   0.2487E+02   0.1971E+00  -0.2495E+02
   0.5312E+00   0.7656E+00   0.2898E+02   0.2927E+02   0.3094E+00  -0.2913E+02
   0.5938E+00   0.7656E+00   0.2665E+02   0.2748E+02   0.3316E+00  -0.2707E+02
   0.6562E+00   0.7656E+00   0.2394E+02   0.2532E+02   0.3244E+00  -0.2463E+02
   0.7188E+00   0.7656E+00   0.1497E+02   0.1715E+02   0.1696E+00  -0.1606E+02
   0.7812E+00   0.7656E+00   0.8234E+01   0.1090E+02   0.1982E+00  -0.9568E+01
   0.8438E+00   0.7656E+00  -0.1834E+01   0.1916E+01  -0.1107E+01  -0.4082E-01
   0.9062E+00   0.7656E+00  -0.5191E+01  -0.3622E+01  -0.4736E+01   0.4406E+01
   0.9688E+00   0.7656E+00  -0.9207E+01  -0.1004E+02   0.8524E+01   0.9621E+01
   0.3125E-01   0.7969E+00  -0.8684E+01  -0.9420E+01   0.9279E+00   0.9052E+01
   0.9375E-01   0.7969E+00  -0.7587E+01  -0.9618E+01   0.9348E+00   0.8602E+01
   0.1562E+00   0.7969E+00  -0.7803E+01  -0.1053E+02   0.4152E+00   0.9166E+01
   0.2188E+00   0.7969E+00  -0.4481E+01  -0.7118E+01   0.8369E-02   0.5800E+01
   0.2812E+00   0.7969E+00   0.1673E+00  -0.2147E+01  -0.1478E+00   0.9901E+00
   0.3438E+00   0.7969E+00   0.8756E+01   0.7085E+01  -0.9679E-01  -0.7920E+01
   0.4062E+00   0.7969E+00   0.1546E+02   0.1439E+02  -0.1482E-01  -0.1492E+02
   0.4688E+00   0.7969E+00   0.2256E+02   0.2219E+02   0.2019E+00  -0.2238E+02
   0.5312E+00   0.7969E+00   0.2416E+02   0.2434E+02   0.2508E+00  -0.2425E+02
   0.5938E+00   0.7969E+00   0.2491E+02   0.2575E+02   0.4044E+00  -0.2533E+02
   0.6562E+00   0.7969E+00   0.1892E+02   0.2043E+02   0.3149E+00  -0.1967E+02
   0.7188E+00   0.7969E+00   0.1313E+02   0.1554E+02   0.3591E+00  -0.1434E+02
   0.7812E+00   0.7969E+00   0.2107E+01   0.5040E+01   0.2020E+00  -0.3574E+01
   0.8438E+00   0.7969E+00  -0.5131E+01  -0.1005E+01  -0.6725E+00   0.3068E+01
   0.9062E+00   0.7969E+00  -0.1422E+02  -0.1200E+02  -0.5501E+01   0.1311E+02
   0.9688E+00   0.7969E+00  -0.1487E+02  -0.1554E+02   0.8703E+01   0.1521E+02
   0.3125E-01   0.8281E+00  -0.8424E+01  -0.8895E+01   0.7142E+00   0.8660E+01
   0.9375E-01   0.8281E+00  -0.8994E+01  -0.1071E+02   0.6896E+00   0.9850E+01
   0.1562E+00   0.8281E+00  -0.8630E+01  -0.1141E+02   0.1965E+00   0.1002E+02
   0.2188E+00   0.8281E+00  -0.8020E+01  -0.1107E+02  -0.1534E+00   0.9546E+01
   0.2812E+00   0.8281E+00  -0.2754E+01  -0.5525E+01  -0.2919E+00   0.4140E+01
   0.3438E+00   0.8281E+00   0.3708E+01   0.1553E+01  -0.1730E+00  -0.2631E+01
   0.4062E+00   0.8281E+00   0.1246E+02   0.1104E+02  -0.1134E+00  -0.1175E+02
   0.4688E+00   0.8281E+00   0.1761E+02   0.1695E+02   0.1624E+00  -0.1728E+02
   0.5312E+00   0.8281E+00   0.2220E+02   0.2223E+02   0.1614E+00  -0.2221E+02
   0.5938E+00   0.8281E+00   0.2012E+02   0.2097E+02   0.4283E+00  -0.2055E+02
   0.6562E+00   0.8281E+00   0.1777E+02   0.1926E+02   0.2519E+00  -0.1852E+02
   0.7188E+00   0.8281E+00   0.7909E+01   0.1050E+02   0.5768E+00  -0.9204E+01
   0.7812E+00   0.8281E+00   0.7824E+00   0.3653E+01   0.1651E+00  -0.2218E+01
   0.8438E+00   0.8281E+00  -0.1293E+02  -0.8416E+01   0.5344E-01   0.1067E+02
   0.9062E+00   0.8281E+00  -0.2034E+02  -0.1729E+02  -0.6279E+01   0.1882E+02
   0.9688E+00   0.8281E+00  -0.2828E+02  -0.2866E+02   0.8910E+01   0.2847E+02
   0.3125E-01   0.8594E+00  -0.9346E+01  -0.9457E+01   0.6564E+00   0.9401E+01
   0.9375E-01   0.8594E+00  -0.9261E+01  -0.1042E+02   0.3404E+00   0.9838E+01
   0.1562E+00   0.8594E+00  -0.1069E+02  -0.1355E+02  -0.9691E-01   0.1212E+02
   0.2188E+00   0.8594E+00  -0.1020E+02  -0.1353E+02  -0.3001E+00   0.1186E+02
   0.2812E+00   0.8594E+00  -0.6894E+01  -0.1026E+02  -0.4954E+00   0.8575E+01
   0.3438E+00   0.8594E+00   0.5694E+00  -0.1947E+01  -0.1660E+00   0.6887E+00
   0.4062E+00   0.8594E+00   0.7842E+01   0.5938E+01  -0.3623E+00  -0.6890E+01
   0.4688E+00   0.8594E+00   0.1520E+02   0.1435E+02   0.2194E+00  -0.1478E+02
   0.5312E+00   0.8594E+00   0.1786E+02   0.1762E+02  -0.1658E+00  -0.1774E+02
   0.5938E+00   0.8594E+00   0.1901E+02   0.1984E+02   0.6181E+00  -0.1942E+02
   0.6562E+00   0.8594E+00   0.1348E+02   0.1480E+02  -0.3868E-01  -0.1414E+02
   0.7188E+00   0.8594E+00   0.7972E+01   0.1036E+02   0.1158E+01  -0.9167E+01
   0.7812E+00   0.8594E+00  -0.4299E+01  -0.1731E+01   0.6692E-01   0.3015E+01
   0.8438E+00   0.8594E+00  -0.1538E+02  -0.1086E+02   0.1396E+01   0.1312E+02
   0.9062E+00   0.8594E+00  -0.3431E+02  -0.2971E+02  -0.6880E+01   0.3201E+02
   0.9688E+00   0.8594E+00  -0.4175E+02  -0.4163E+02   0.8969E+01   0.4169E+02
   0.3125E-01   0.8906E+00  -0.9403E+01  -0.9031E+01   0.6132E+00   0.9217E+01
   0.9375E-01   0.8906E+00  -0.1033E+02  -0.1059E+02  -0.5699E-01   0.1046E+02
   0.1562E+00   0.8906E+00  -0.1209E+02  -0.1499E+02  -0.7206E+00   0.1354E+02
   0.2188E+00   0.8906E+00  -0.1286E+02  -0.1663E+02  -0.4000E+00   0.1474E+02
   0.2812E+00   0.8906E+00  -0.9722E+01  -0.1346E+02  -0.8806E+00   0.1159E+02
   0.3438E+00   0.8906E+00  -0.3025E+01  -0.6028E+01  -0.1428E+00   0.4527E+01
   0.4062E+00   0.8906E+00   0.5256E+01   0.2992E+01  -0.7869E+00  -0.4124E+01
   0.4688E+00   0.8906E+00   0.1158E+02   0.1033E+02   0.3886E+00  -0.1096E+02
   0.5312E+00   0.8906E+00   0.1669E+02   0.1612E+02  -0.5031E+00  -0.1641E+02
   0.5938E+00   0.8906E+00   0.1552E+02   0.1594E+02   0.1166E+01  -0.1573E+02
   0.6562E+00   0.8906E+00   0.1434E+02   0.1510E+02  -0.7742E-01  -0.1472E+02
   0.7188E+00   0.8906E+00   0.3836E+01   0.5702E+01   0.2325E+01  -0.4769E+01
   0.7812E+00   0.8906E+00  -0.1654E+01  -0.1383E+00   0.2121E+00   0.8961E+00
   0.8438E+00   0.8906E+00  -0.2441E+02  -0.1986E+02   0.3735E+01   0.2214E+02
   0.9062E+00   0.8906E+00  -0.4445E+02  -0.3764E+02  -0.7174E+01   0.4104E+02
   0.9688E+00   0.8906E+00  -0.7426E+02  -0.7282E+02   0.9157E+01   0.7354E+02
   0.3125E-01   0.9219E+00  -0.9784E+01  -0.8614E+01   0.7244E+00   0.9199E+01
   0.9375E-01   0.9219E+00  -0.1047E+02  -0.1019E+02  -0.4180E+00   0.1033E+02
   0.1562E+00   0.9219E+00  -0.1306E+02  -0.1668E+02  -0.4488E+00   0.1487E+02
   0.2188E+00   0.9219E+00  -0.1538E+02  -0.1931E+02   0.7034E+00   0.1735E+02
   0.2812E+00   0.9219E+00  -0.1157E+02  -0.1574E+02  -0.4668E+00   0.1366E+02
   0.3438E+00   0.9219E+00  -0.5593E+01  -0.9032E+01   0.1139E+01   0.7313E+01
   0.4062E+00   0.9219E+00   0.3281E+01   0.3205E+00  -0.2446E+00  -0.1801E+01
   0.4688E+00   0.9219E+00   0.9805E+01   0.8031E+01   0.2111E+01  -0.8918E+01
   0.5312E+00   0.9219E+00   0.1520E+02   0.1368E+02   0.2998E+00  -0.1444E+02
   0.5938E+00   0.9219E+00   0.1500E+02   0.1487E+02   0.3548E+01  -0.1493E+02
   0.6562E+00   0.9219E+00   0.1339E+02   0.1293E+02   0.7887E+00  -0.1316E+02
   0.7188E+00   0.9219E+00   0.4851E+01   0.6070E+01   0.5414E+01  -0.5460E+01
   0.7812E+00   0.9219E+00  -0.3542E+01  -0.3091E+01   0.5835E+00   0.3316E+01
   0.8438E+00   0.9219E+00  -0.2319E+02  -0.2024E+02   0.8016E+01   0.2172E+02
   0.9062E+00   0.9219E+00  -0.6701E+02  -0.5592E+02  -0.5480E+01   0.6147E+02
   0.9688E+00   0.9219E+00  -0.1257E+03  -0.1209E+03   0.9022E+01   0.1233E+03
   0.3125E-01   0.9531E+00  -0.5597E+01  -0.7405E+01   0.2614E+01   0.6501E+01
   0.9375E-01   0.9531E+00  -0.8321E+01  -0.1237E+02   0.5462E+01   0.1034E+02
   0.1562E+00   0.9531E+00  -0.1411E+02  -0.1797E+02   0.7104E+01   0.1604E+02
   0.2188E+00   0.9531E+00  -0.1734E+02  -0.2141E+02   0.8152E+01   0.1937E+02
   0.2812E+00   0.9531E+00  -0.1224E+02  -0.1623E+02   0.6560E+01   0.1424E+02
   0.3438E+00   0.9531E+00  -0.8562E+01  -0.1230E+02   0.8074E+01   0.1043E+02
   0.4062E+00   0.9531E+00   0.3546E+01   0.4673E+00   0.5907E+01  -0.2007E+01
   0.4688E+00   0.9531E+00   0.6234E+01   0.3685E+01   0.8277E+01  -0.4960E+01
   0.5312E+00   0.9531E+00   0.1702E+02   0.1537E+02   0.5517E+01  -0.1620E+02
   0.5938E+00   0.9531E+00   0.1070E+02   0.9351E+01   0.8936E+01  -0.1002E+02
   0.6562E+00   0.9531E+00   0.1752E+02   0.1723E+02   0.5083E+01  -0.1737E+02
   0.7188E+00   0.9531E+00  -0.1051E+01  -0.1641E+01   0.1004E+02   0.1346E+01
   0.7812E+00   0.9531E+00   0.3221E+01   0.4564E+01   0.4352E+01  -0.3893E+01
   0.8438E+00   0.9531E+00  -0.3490E+02  -0.3484E+02   0.1155E+02   0.3487E+02
   0.9062E+00   0.9531E+00  -0.7358E+02  -0.6023E+02   0.1429E+01   0.6690E+02
   0.9688E+00   0.9531E+00  -0.2508E+03  -0.2345E+03   0.9766E+01   0.2427E+03
   0.3125E-01   0.9844E+00   0.5172E+01   0.2538E+01   0.3101E+02  -0.3855E+01
   0.9375E-01   0.9844E+00  -0.1774E+02  -0.2198E+02   0.2712E+02   0.1986E+02
   0.1562E+00   0.9844E+00  -0.1183E+02  -0.1346E+02   0.2412E+02   0.1265E+02
   0.2188E+00   0.9844E+00  -0.2283E+02  -0.2510E+02   0.2265E+02   0.2396E+02
   0.2812E+00   0.9844E+00  -0.1182E+02  -0.1347E+02   0.2006E+02   0.1264E+02
   0.3438E+00   0.9844E+00  -0.1303E+02  -0.1507E+02   0.1897E+02   0.1405E+02
   0.4062E+00   0.9844E+00   0.3005E+01   0.1753E+01   0.1643E+02  -0.2379E+01
   0.4688E+00   0.9844E+00   0.3085E+01   0.1491E+01   0.1605E+02  -0.2288E+01
   0.5312E+00   0.9844E+00   0.1579E+02   0.1530E+02   0.1379E+02  -0.1554E+02
   0.5938E+00   0.9844E+00   0.9401E+01   0.8239E+01   0.1440E+02  -0.8820E+01
   0.6562E+00   0.9844E+00   0.1511E+02   0.1541E+02   0.1226E+02  -0.1526E+02
   0.7188E+00   0.9844E+00  -0.2796E+00  -0.1236E+01   0.1399E+02   0.7580E+00
   0.7812E+00   0.9844E+00  -0.1927E+01  -0.7728E+00   0.1162E+02   0.1350E+01
   0.8438E+00   0.9844E+00  -0.3419E+02  -0.3465E+02   0.1490E+02   0.3442E+02
   0.9062E+00   0.9844E+00  -0.9134E+02  -0.8515E+02   0.1380E+02   0.8824E+02
   0.9688E+00   0.9844E+00  -0.3141E+03  -0.3014E+03   0.2724E+02   0.3078E+03