       1   0.00000E+00   0.00000E+00   0.00000E+00   0.00000E+00
       2   0.62500E-01   0.00000E+00   0.00000E+00   0.00000E+00
       3   0.12500E+00   0.00000E+00   0.00000E+00   0.00000E+00
       4   0.18750E+00   0.00000E+00   0.00000E+00   0.00000E+00
       5   0.25000E+00   0.00000E+00   0.00000E+00   0.00000E+00
       6   0.31250E+00   0.00000E+00   0.00000E+00   0.00000E+00
       7   0.37500E+00   0.00000E+00   0.00000E+00   0.00000E+00
       8   0.43750E+00   0.00000E+00   0.00000E+00   0.00000E+00
       9   0.50000E+00   0.00000E+00   0.00000E+00   0.00000E+00
      10   0.56250E+00   0.00000E+00   0.00000E+00   0.00000E+00
      11   0.62500E+00   0.00000E+00   0.00000E+00   0.00000E+00
      12   0.68750E+00   0.00000E+00   0.00000E+00   0.00000E+00
      13   0.75000E+00   0.00000E+00   0.00000E+00   0.00000E+00
      14   0.81250E+00   0.00000E+00   0.00000E+00   0.00000E+00
      15   0.87500E+00   0.00000E+00   0.00000E+00   0.00000E+00
      16   0.93750E+00   0.00000E+00   0.00000E+00   0.00000E+00
      17   0.10000E+01   0.00000E+00   0.00000E+00   0.00000E+00
      18   0.00000E+00   0.62500E-01   0.00000E+00   0.00000E+00
      19   0.62500E-01   0.62500E-01  -0.80340E-03   0.80340E-03
      20   0.12500E+00   0.62500E-01  -0.40422E-02   0.24354E-02
      21   0.18750E+00   0.62500E-01  -0.10004E-01   0.35262E-02
      22   0.25000E+00   0.62500E-01  -0.17437E-01   0.39068E-02
      23   0.31250E+00   0.62500E-01  -0.24935E-01   0.35911E-02
      24   0.37500E+00   0.62500E-01  -0.31246E-01   0.27201E-02
      25   0.43750E+00   0.62500E-01  -0.35424E-01   0.14579E-02
      26   0.50000E+00   0.62500E-01  -0.36882E-01   0.12723E-09
      27   0.56250E+00   0.62500E-01  -0.35424E-01  -0.14579E-02
      28   0.62500E+00   0.62500E-01  -0.31246E-01  -0.27201E-02
      29   0.68750E+00   0.62500E-01  -0.24935E-01  -0.35911E-02
      30   0.75000E+00   0.62500E-01  -0.17437E-01  -0.39068E-02
      31   0.81250E+00   0.62500E-01  -0.10004E-01  -0.35262E-02
      32   0.87500E+00   0.62500E-01  -0.40422E-02  -0.24354E-02
      33   0.93750E+00   0.62500E-01  -0.80340E-03  -0.80340E-03
      34   0.10000E+01   0.62500E-01   0.00000E+00   0.00000E+00
      35   0.00000E+00   0.12500E+00   0.00000E+00   0.00000E+00
      36   0.62500E-01   0.12500E+00  -0.25325E-02   0.41393E-02
      37   0.12500E+00   0.12500E+00  -0.97627E-02   0.95687E-02
      38   0.18750E+00   0.12500E+00  -0.20681E-01   0.13273E-01
      39   0.25000E+00   0.12500E+00  -0.33558E-01   0.14471E-01
      40   0.31250E+00   0.12500E+00  -0.46270E-01   0.13237E-01
      41   0.37500E+00   0.12500E+00  -0.56878E-01   0.99935E-02
      42   0.43750E+00   0.12500E+00  -0.63870E-01   0.53543E-02
      43   0.50000E+00   0.12500E+00  -0.66309E-01  -0.23389E-09
      44   0.56250E+00   0.12500E+00  -0.63870E-01  -0.53543E-02
      45   0.62500E+00   0.12500E+00  -0.56878E-01  -0.99935E-02
      46   0.68750E+00   0.12500E+00  -0.46270E-01  -0.13237E-01
      47   0.75000E+00   0.12500E+00  -0.33558E-01  -0.14471E-01
      48   0.81250E+00   0.12500E+00  -0.20681E-01  -0.13273E-01
      49   0.87500E+00   0.12500E+00  -0.97627E-02  -0.95687E-02
      50   0.93750E+00   0.12500E+00  -0.25325E-02  -0.41393E-02
      51   0.10000E+01   0.12500E+00   0.00000E+00   0.00000E+00
      52   0.00000E+00   0.18750E+00   0.00000E+00   0.00000E+00
      53   0.62500E-01   0.18750E+00  -0.41019E-02   0.10774E-01
      54   0.12500E+00   0.18750E+00  -0.15225E-01   0.21287E-01
      55   0.18750E+00   0.18750E+00  -0.30914E-01   0.28162E-01
      56   0.25000E+00   0.18750E+00  -0.48592E-01   0.30137E-01
      57   0.31250E+00   0.18750E+00  -0.65624E-01   0.27315E-01
      58   0.37500E+00   0.18750E+00  -0.79633E-01   0.20532E-01
      59   0.43750E+00   0.18750E+00  -0.88799E-01   0.10973E-01
      60   0.50000E+00   0.18750E+00  -0.91979E-01  -0.10412E-08
      61   0.56250E+00   0.18750E+00  -0.88799E-01  -0.10973E-01
      62   0.62500E+00   0.18750E+00  -0.79633E-01  -0.20532E-01
      63   0.68750E+00   0.18750E+00  -0.65624E-01  -0.27315E-01
      64   0.75000E+00   0.18750E+00  -0.48592E-01  -0.30137E-01
      65   0.81250E+00   0.18750E+00  -0.30914E-01  -0.28162E-01
      66   0.87500E+00   0.18750E+00  -0.15225E-01  -0.21287E-01
      67   0.93750E+00   0.18750E+00  -0.41019E-02  -0.10774E-01
      68   0.10000E+01   0.18750E+00   0.00000E+00   0.00000E+00
      69   0.00000E+00   0.25000E+00   0.00000E+00   0.00000E+00
      70   0.62500E-01   0.25000E+00  -0.55609E-02   0.20436E-01
      71   0.12500E+00   0.25000E+00  -0.20360E-01   0.37546E-01
      72   0.18750E+00   0.25000E+00  -0.40702E-01   0.47935E-01
      73   0.25000E+00   0.25000E+00  -0.63011E-01   0.50351E-01
      74   0.31250E+00   0.25000E+00  -0.84041E-01   0.45163E-01
      75   0.37500E+00   0.25000E+00  -0.10108E+00   0.33732E-01
      76   0.43750E+00   0.25000E+00  -0.11211E+00   0.17970E-01
      77   0.50000E+00   0.25000E+00  -0.11593E+00  -0.59874E-09
      78   0.56250E+00   0.25000E+00  -0.11211E+00  -0.17970E-01
      79   0.62500E+00   0.25000E+00  -0.10108E+00  -0.33732E-01
      80   0.68750E+00   0.25000E+00  -0.84041E-01  -0.45163E-01
      81   0.75000E+00   0.25000E+00  -0.63011E-01  -0.50351E-01
      82   0.81250E+00   0.25000E+00  -0.40702E-01  -0.47935E-01
      83   0.87500E+00   0.25000E+00  -0.20360E-01  -0.37546E-01
      84   0.93750E+00   0.25000E+00  -0.55609E-02  -0.20436E-01
      85   0.10000E+01   0.25000E+00   0.00000E+00   0.00000E+00
      86   0.00000E+00   0.31250E+00   0.00000E+00   0.00000E+00
      87   0.62500E-01   0.31250E+00  -0.69970E-02   0.32994E-01
      88   0.12500E+00   0.31250E+00  -0.25469E-01   0.58259E-01
      89   0.18750E+00   0.31250E+00  -0.50421E-01   0.72516E-01
      90   0.25000E+00   0.31250E+00  -0.77259E-01   0.74917E-01
      91   0.31250E+00   0.31250E+00  -0.10207E+00   0.66441E-01
      92   0.37500E+00   0.31250E+00  -0.12185E+00   0.49269E-01
      93   0.43750E+00   0.31250E+00  -0.13452E+00   0.26133E-01
      94   0.50000E+00   0.31250E+00  -0.13886E+00   0.44509E-09
      95   0.56250E+00   0.31250E+00  -0.13452E+00  -0.26133E-01
      96   0.62500E+00   0.31250E+00  -0.12185E+00  -0.49269E-01
      97   0.68750E+00   0.31250E+00  -0.10207E+00  -0.66441E-01
      98   0.75000E+00   0.31250E+00  -0.77259E-01  -0.74917E-01
      99   0.81250E+00   0.31250E+00  -0.50421E-01  -0.72516E-01
     100   0.87500E+00   0.31250E+00  -0.25469E-01  -0.58259E-01
     101   0.93750E+00   0.31250E+00  -0.69970E-02  -0.32994E-01
     102   0.10000E+01   0.31250E+00   0.00000E+00   0.00000E+00
     103   0.00000E+00   0.37500E+00   0.00000E+00   0.00000E+00
     104   0.62500E-01   0.37500E+00  -0.85292E-02   0.48521E-01
     105   0.12500E+00   0.37500E+00  -0.30789E-01   0.83464E-01
     106   0.18750E+00   0.37500E+00  -0.60361E-01   0.10183E+00
     107   0.25000E+00   0.37500E+00  -0.91487E-01   0.10356E+00
     108   0.31250E+00   0.37500E+00  -0.11965E+00   0.90769E-01
     109   0.37500E+00   0.37500E+00  -0.14166E+00   0.66729E-01
     110   0.43750E+00   0.37500E+00  -0.15554E+00   0.35218E-01
     111   0.50000E+00   0.37500E+00  -0.16028E+00   0.78616E-09
     112   0.56250E+00   0.37500E+00  -0.15554E+00  -0.35218E-01
     113   0.62500E+00   0.37500E+00  -0.14166E+00  -0.66729E-01
     114   0.68750E+00   0.37500E+00  -0.11965E+00  -0.90769E-01
     115   0.75000E+00   0.37500E+00  -0.91487E-01  -0.10356E+00
     116   0.81250E+00   0.37500E+00  -0.60361E-01  -0.10183E+00
     117   0.87500E+00   0.37500E+00  -0.30789E-01  -0.83464E-01
     118   0.93750E+00   0.37500E+00  -0.85292E-02  -0.48521E-01
     119   0.10000E+01   0.37500E+00   0.00000E+00   0.00000E+00
     120   0.00000E+00   0.43750E+00   0.00000E+00   0.00000E+00
     121   0.62500E-01   0.43750E+00  -0.10196E-01   0.67246E-01
     122   0.12500E+00   0.43750E+00  -0.36478E-01   0.11328E+00
     123   0.18750E+00   0.43750E+00  -0.70516E-01   0.13563E+00
     124   0.25000E+00   0.43750E+00  -0.10533E+00   0.13571E+00
     125   0.31250E+00   0.43750E+00  -0.13587E+00   0.11732E+00
     126   0.37500E+00   0.43750E+00  -0.15906E+00   0.85383E-01
     127   0.43750E+00   0.43750E+00  -0.17339E+00   0.44768E-01
     128   0.50000E+00   0.43750E+00  -0.17820E+00  -0.10749E-08
     129   0.56250E+00   0.43750E+00  -0.17339E+00  -0.44768E-01
     130   0.62500E+00   0.43750E+00  -0.15906E+00  -0.85383E-01
     131   0.68750E+00   0.43750E+00  -0.13587E+00  -0.11732E+00
     132   0.75000E+00   0.43750E+00  -0.10533E+00  -0.13571E+00
     133   0.81250E+00   0.43750E+00  -0.70516E-01  -0.13563E+00
     134   0.87500E+00   0.43750E+00  -0.36478E-01  -0.11328E+00
     135   0.93750E+00   0.43750E+00  -0.10196E-01  -0.67246E-01
     136   0.10000E+01   0.43750E+00   0.00000E+00   0.00000E+00
     137   0.00000E+00   0.50000E+00   0.00000E+00   0.00000E+00
     138   0.62500E-01   0.50000E+00  -0.12087E-01   0.89529E-01
     139   0.12500E+00   0.50000E+00  -0.42519E-01   0.14771E+00
     140   0.18750E+00   0.50000E+00  -0.80555E-01   0.17328E+00
     141   0.25000E+00   0.50000E+00  -0.11770E+00   0.17002E+00
     142   0.31250E+00   0.50000E+00  -0.14870E+00   0.14455E+00
     143   0.37500E+00   0.50000E+00  -0.17118E+00   0.10382E+00
     144   0.43750E+00   0.50000E+00  -0.18452E+00   0.54001E-01
     145   0.50000E+00   0.50000E+00  -0.18895E+00  -0.47013E-08
     146   0.56250E+00   0.50000E+00  -0.18452E+00  -0.54001E-01
     147   0.62500E+00   0.50000E+00  -0.17118E+00  -0.10382E+00
     148   0.68750E+00   0.50000E+00  -0.14870E+00  -0.14455E+00
     149   0.75000E+00   0.50000E+00  -0.11770E+00  -0.17002E+00
     150   0.81250E+00   0.50000E+00  -0.80555E-01  -0.17328E+00
     151   0.87500E+00   0.50000E+00  -0.42519E-01  -0.14771E+00
     152   0.93750E+00   0.50000E+00  -0.12087E-01  -0.89529E-01
     153   0.10000E+01   0.50000E+00   0.00000E+00   0.00000E+00
     154   0.00000E+00   0.56250E+00   0.00000E+00   0.00000E+00
     155   0.62500E-01   0.56250E+00  -0.14188E-01   0.11580E+00
     156   0.12500E+00   0.56250E+00  -0.48858E-01   0.18654E+00
     157   0.18750E+00   0.56250E+00  -0.89589E-01   0.21322E+00
     158   0.25000E+00   0.56250E+00  -0.12642E+00   0.20405E+00
     159   0.31250E+00   0.56250E+00  -0.15453E+00   0.16963E+00
     160   0.37500E+00   0.56250E+00  -0.17309E+00   0.11978E+00
     161   0.43750E+00   0.56250E+00  -0.18333E+00   0.61617E-01
     162   0.50000E+00   0.56250E+00  -0.18652E+00  -0.53676E-08
     163   0.56250E+00   0.56250E+00  -0.18333E+00  -0.61617E-01
     164   0.62500E+00   0.56250E+00  -0.17309E+00  -0.11978E+00
     165   0.68750E+00   0.56250E+00  -0.15453E+00  -0.16963E+00
     166   0.75000E+00   0.56250E+00  -0.12642E+00  -0.20405E+00
     167   0.81250E+00   0.56250E+00  -0.89589E-01  -0.21322E+00
     168   0.87500E+00   0.56250E+00  -0.48858E-01  -0.18654E+00
     169   0.93750E+00   0.56250E+00  -0.14188E-01  -0.11580E+00
     170   0.10000E+01   0.56250E+00   0.00000E+00   0.00000E+00
     171   0.00000E+00   0.62500E+00   0.00000E+00   0.00000E+00
     172   0.62500E-01   0.62500E+00  -0.16672E-01   0.14666E+00
     173   0.12500E+00   0.62500E+00  -0.55123E-01   0.22880E+00
     174   0.18750E+00   0.62500E+00  -0.95924E-01   0.25249E+00
     175   0.25000E+00   0.62500E+00  -0.12760E+00   0.23329E+00
     176   0.31250E+00   0.62500E+00  -0.14730E+00   0.18821E+00
     177   0.37500E+00   0.62500E+00  -0.15736E+00   0.12984E+00
     178   0.43750E+00   0.62500E+00  -0.16144E+00   0.65877E-01
     179   0.50000E+00   0.62500E+00  -0.16250E+00  -0.60192E-08
     180   0.56250E+00   0.62500E+00  -0.16144E+00  -0.65877E-01
     181   0.62500E+00   0.62500E+00  -0.15736E+00  -0.12984E+00
     182   0.68750E+00   0.62500E+00  -0.14730E+00  -0.18821E+00
     183   0.75000E+00   0.62500E+00  -0.12760E+00  -0.23329E+00
     184   0.81250E+00   0.62500E+00  -0.95924E-01  -0.25249E+00
     185   0.87500E+00   0.62500E+00  -0.55123E-01  -0.22880E+00
     186   0.93750E+00   0.62500E+00  -0.16672E-01  -0.14666E+00
     187   0.10000E+01   0.62500E+00   0.00000E+00   0.00000E+00
     188   0.00000E+00   0.68750E+00   0.00000E+00   0.00000E+00
     189   0.62500E-01   0.68750E+00  -0.19451E-01   0.18279E+00
     190   0.12500E+00   0.68750E+00  -0.60585E-01   0.27226E+00
     191   0.18750E+00   0.68750E+00  -0.95808E-01   0.28505E+00
     192   0.25000E+00   0.68750E+00  -0.11404E+00   0.25063E+00
     193   0.31250E+00   0.68750E+00  -0.11738E+00   0.19391E+00
     194   0.37500E+00   0.68750E+00  -0.11309E+00   0.12991E+00
     195   0.43750E+00   0.68750E+00  -0.10793E+00   0.64729E-01
     196   0.50000E+00   0.68750E+00  -0.10572E+00  -0.58092E-08
     197   0.56250E+00   0.68750E+00  -0.10793E+00  -0.64729E-01
     198   0.62500E+00   0.68750E+00  -0.11309E+00  -0.12991E+00
     199   0.68750E+00   0.68750E+00  -0.11738E+00  -0.19391E+00
     200   0.75000E+00   0.68750E+00  -0.11404E+00  -0.25063E+00
     201   0.81250E+00   0.68750E+00  -0.95808E-01  -0.28505E+00
     202   0.87500E+00   0.68750E+00  -0.60585E-01  -0.27226E+00
     203   0.93750E+00   0.68750E+00  -0.19451E-01  -0.18279E+00
     204   0.10000E+01   0.68750E+00   0.00000E+00   0.00000E+00
     205   0.00000E+00   0.75000E+00   0.00000E+00   0.00000E+00
     206   0.62500E-01   0.75000E+00  -0.22562E-01   0.22480E+00
     207   0.12500E+00   0.75000E+00  -0.61978E-01   0.31080E+00
     208   0.18750E+00   0.75000E+00  -0.80458E-01   0.30021E+00
     209   0.25000E+00   0.75000E+00  -0.72207E-01   0.24544E+00
     210   0.31250E+00   0.75000E+00  -0.49648E-01   0.17988E+00
     211   0.37500E+00   0.75000E+00  -0.26137E-01   0.11613E+00
     212   0.43750E+00   0.75000E+00  -0.95655E-02   0.56772E-01
     213   0.50000E+00   0.75000E+00  -0.38230E-02  -0.34699E-08
     214   0.56250E+00   0.75000E+00  -0.95655E-02  -0.56772E-01
     215   0.62500E+00   0.75000E+00  -0.26137E-01  -0.11613E+00
     216   0.68750E+00   0.75000E+00  -0.49648E-01  -0.17988E+00
     217   0.75000E+00   0.75000E+00  -0.72207E-01  -0.24544E+00
     218   0.81250E+00   0.75000E+00  -0.80458E-01  -0.30021E+00
     219   0.87500E+00   0.75000E+00  -0.61978E-01  -0.31080E+00
     220   0.93750E+00   0.75000E+00  -0.22562E-01  -0.22480E+00
     221   0.10000E+01   0.75000E+00   0.00000E+00   0.00000E+00
     222   0.00000E+00   0.78125E+00   0.00000E+00   0.00000E+00
     223   0.62500E-01   0.78125E+00  -0.24381E-01   0.24827E+00
     224   0.12500E+00   0.78125E+00  -0.60597E-01   0.32514E+00
     225   0.18750E+00   0.78125E+00  -0.62853E-01   0.29624E+00
     226   0.25000E+00   0.78125E+00  -0.34280E-01   0.23100E+00
     227   0.31250E+00   0.78125E+00   0.47002E-02   0.16355E+00
     228   0.37500E+00   0.78125E+00   0.38739E-01   0.10369E+00
     229   0.43750E+00   0.78125E+00   0.60496E-01   0.50050E-01
     230   0.50000E+00   0.78125E+00   0.68198E-01  -0.37292E-08
     231   0.56250E+00   0.78125E+00   0.60496E-01  -0.50050E-01
     232   0.62500E+00   0.78125E+00   0.38739E-01  -0.10369E+00
     233   0.68750E+00   0.78125E+00   0.47002E-02  -0.16355E+00
     234   0.75000E+00   0.78125E+00  -0.34280E-01  -0.23100E+00
     235   0.81250E+00   0.78125E+00  -0.62853E-01  -0.29624E+00
     236   0.87500E+00   0.78125E+00  -0.60597E-01  -0.32514E+00
     237   0.93750E+00   0.78125E+00  -0.24381E-01  -0.24827E+00
     238   0.10000E+01   0.78125E+00   0.00000E+00   0.00000E+00
     239   0.00000E+00   0.81250E+00   0.00000E+00   0.00000E+00
     240   0.62500E-01   0.81250E+00  -0.26051E-01   0.27349E+00
     241   0.12500E+00   0.81250E+00  -0.53447E-01   0.33173E+00
     242   0.18750E+00   0.81250E+00  -0.32334E-01   0.28022E+00
     243   0.25000E+00   0.81250E+00   0.21454E-01   0.20584E+00
     244   0.31250E+00   0.81250E+00   0.77349E-01   0.14127E+00
     245   0.37500E+00   0.81250E+00   0.12021E+00   0.87514E-01
     246   0.43750E+00   0.81250E+00   0.14689E+00   0.42012E-01
     247   0.50000E+00   0.81250E+00   0.15526E+00  -0.22706E-08
     248   0.56250E+00   0.81250E+00   0.14689E+00  -0.42012E-01
     249   0.62500E+00   0.81250E+00   0.12021E+00  -0.87514E-01
     250   0.68750E+00   0.81250E+00   0.77349E-01  -0.14127E+00
     251   0.75000E+00   0.81250E+00   0.21454E-01  -0.20584E+00
     252   0.81250E+00   0.81250E+00  -0.32334E-01  -0.28022E+00
     253   0.87500E+00   0.81250E+00  -0.53447E-01  -0.33173E+00
     254   0.93750E+00   0.81250E+00  -0.26051E-01  -0.27349E+00
     255   0.10000E+01   0.81250E+00   0.00000E+00   0.00000E+00
     256   0.00000E+00   0.84375E+00   0.00000E+00   0.00000E+00
     257   0.62500E-01   0.84375E+00  -0.25274E-01   0.29915E+00
     258   0.12500E+00   0.84375E+00  -0.37103E-01   0.32568E+00
     259   0.18750E+00   0.84375E+00   0.19712E-01   0.24731E+00
     260   0.25000E+00   0.84375E+00   0.10116E+00   0.17113E+00
     261   0.31250E+00   0.84375E+00   0.17124E+00   0.11299E+00
     262   0.37500E+00   0.84375E+00   0.22093E+00   0.69525E-01
     263   0.43750E+00   0.84375E+00   0.24913E+00   0.32565E-01
     264   0.50000E+00   0.84375E+00   0.25965E+00  -0.33710E-09
     265   0.56250E+00   0.84375E+00   0.24913E+00  -0.32565E-01
     266   0.62500E+00   0.84375E+00   0.22093E+00  -0.69525E-01
     267   0.68750E+00   0.84375E+00   0.17124E+00  -0.11299E+00
     268   0.75000E+00   0.84375E+00   0.10116E+00  -0.17113E+00
     269   0.81250E+00   0.84375E+00   0.19712E-01  -0.24731E+00
     270   0.87500E+00   0.84375E+00  -0.37103E-01  -0.32568E+00
     271   0.93750E+00   0.84375E+00  -0.25274E-01  -0.29915E+00
     272   0.10000E+01   0.84375E+00   0.00000E+00   0.00000E+00
     273   0.00000E+00   0.87500E+00   0.00000E+00   0.00000E+00
     274   0.62500E-01   0.87500E+00  -0.22070E-01   0.32282E+00
     275   0.12500E+00   0.87500E+00   0.13436E-02   0.29621E+00
     276   0.18750E+00   0.87500E+00   0.10408E+00   0.19700E+00
     277   0.25000E+00   0.87500E+00   0.21233E+00   0.12660E+00
     278   0.31250E+00   0.87500E+00   0.28981E+00   0.83746E-01
     279   0.37500E+00   0.87500E+00   0.33962E+00   0.49019E-01
     280   0.43750E+00   0.87500E+00   0.37060E+00   0.23482E-01
     281   0.50000E+00   0.87500E+00   0.37824E+00   0.97598E-09
     282   0.56250E+00   0.87500E+00   0.37060E+00  -0.23482E-01
     283   0.62500E+00   0.87500E+00   0.33962E+00  -0.49019E-01
     284   0.68750E+00   0.87500E+00   0.28981E+00  -0.83746E-01
     285   0.75000E+00   0.87500E+00   0.21233E+00  -0.12660E+00
     286   0.81250E+00   0.87500E+00   0.10408E+00  -0.19700E+00
     287   0.87500E+00   0.87500E+00   0.13436E-02  -0.29621E+00
     288   0.93750E+00   0.87500E+00  -0.22070E-01  -0.32282E+00
     289   0.10000E+01   0.87500E+00   0.00000E+00   0.00000E+00
     290   0.00000E+00   0.90625E+00   0.00000E+00   0.00000E+00
     291   0.62500E-01   0.90625E+00  -0.16131E-02   0.33467E+00
     292   0.12500E+00   0.90625E+00   0.77597E-01   0.23306E+00
     293   0.18750E+00   0.90625E+00   0.24307E+00   0.12605E+00
     294   0.25000E+00   0.90625E+00   0.35980E+00   0.85056E-01
     295   0.31250E+00   0.90625E+00   0.43045E+00   0.51223E-01
     296   0.37500E+00   0.90625E+00   0.48166E+00   0.31032E-01
     297   0.43750E+00   0.90625E+00   0.50523E+00   0.14195E-01
     298   0.50000E+00   0.90625E+00   0.51616E+00   0.39364E-09
     299   0.56250E+00   0.90625E+00   0.50523E+00  -0.14195E-01
     300   0.62500E+00   0.90625E+00   0.48166E+00  -0.31032E-01
     301   0.68750E+00   0.90625E+00   0.43045E+00  -0.51223E-01
     302   0.75000E+00   0.90625E+00   0.35980E+00  -0.85056E-01
     303   0.81250E+00   0.90625E+00   0.24307E+00  -0.12605E+00
     304   0.87500E+00   0.90625E+00   0.77597E-01  -0.23306E+00
     305   0.93750E+00   0.90625E+00  -0.16132E-02  -0.33467E+00
     306   0.10000E+01   0.90625E+00   0.00000E+00   0.00000E+00
     307   0.00000E+00   0.93750E+00   0.00000E+00   0.00000E+00
     308   0.62500E-01   0.93750E+00   0.44703E-01   0.31312E+00
     309   0.12500E+00   0.93750E+00   0.25626E+00   0.10922E+00
     310   0.18750E+00   0.93750E+00   0.45095E+00   0.69808E-01
     311   0.25000E+00   0.93750E+00   0.53424E+00   0.41285E-01
     312   0.31250E+00   0.93750E+00   0.60350E+00   0.25041E-01
     313   0.37500E+00   0.93750E+00   0.63664E+00   0.15041E-01
     314   0.43750E+00   0.93750E+00   0.66004E+00   0.66991E-02
     315   0.50000E+00   0.93750E+00   0.66410E+00   0.42057E-09
     316   0.56250E+00   0.93750E+00   0.66004E+00  -0.66991E-02
     317   0.62500E+00   0.93750E+00   0.63664E+00  -0.15041E-01
     318   0.68750E+00   0.93750E+00   0.60350E+00  -0.25041E-01
     319   0.75000E+00   0.93750E+00   0.53424E+00  -0.41285E-01
     320   0.81250E+00   0.93750E+00   0.45095E+00  -0.69808E-01
     321   0.87500E+00   0.93750E+00   0.25626E+00  -0.10922E+00
     322   0.93750E+00   0.93750E+00   0.44703E-01  -0.31312E+00
     323   0.10000E+01   0.93750E+00   0.00000E+00   0.00000E+00
     324   0.00000E+00   0.96875E+00   0.00000E+00   0.00000E+00
     325   0.62500E-01   0.96875E+00   0.29077E+00   0.14538E+00
     326   0.12500E+00   0.96875E+00   0.60733E+00   0.12896E-01
     327   0.18750E+00   0.96875E+00   0.68901E+00   0.27946E-01
     328   0.25000E+00   0.96875E+00   0.75846E+00   0.67778E-02
     329   0.31250E+00   0.96875E+00   0.79016E+00   0.90708E-02
     330   0.37500E+00   0.96875E+00   0.81367E+00   0.26846E-02
     331   0.43750E+00   0.96875E+00   0.82371E+00   0.23346E-02
     332   0.50000E+00   0.96875E+00   0.82838E+00   0.11731E-08
     333   0.56250E+00   0.96875E+00   0.82371E+00  -0.23346E-02
     334   0.62500E+00   0.96875E+00   0.81367E+00  -0.26846E-02
     335   0.68750E+00   0.96875E+00   0.79016E+00  -0.90708E-02
     336   0.75000E+00   0.96875E+00   0.75846E+00  -0.67778E-02
     337   0.81250E+00   0.96875E+00   0.68901E+00  -0.27946E-01
     338   0.87500E+00   0.96875E+00   0.60733E+00  -0.12896E-01
     339   0.93750E+00   0.96875E+00   0.29077E+00  -0.14538E+00
     340   0.10000E+01   0.96875E+00   0.00000E+00   0.00000E+00
     341   0.00000E+00   0.10000E+01   0.10000E+01   0.00000E+00
     342   0.62500E-01   0.10000E+01   0.10000E+01   0.00000E+00
     343   0.12500E+00   0.10000E+01   0.10000E+01   0.00000E+00
     344   0.18750E+00   0.10000E+01   0.10000E+01   0.00000E+00
     345   0.25000E+00   0.10000E+01   0.10000E+01   0.00000E+00
     346   0.31250E+00   0.10000E+01   0.10000E+01   0.00000E+00
     347   0.37500E+00   0.10000E+01   0.10000E+01   0.00000E+00
     348   0.43750E+00   0.10000E+01   0.10000E+01   0.00000E+00
     349   0.50000E+00   0.10000E+01   0.10000E+01   0.00000E+00
     350   0.56250E+00   0.10000E+01   0.10000E+01   0.00000E+00
     351   0.62500E+00   0.10000E+01   0.10000E+01   0.00000E+00
     352   0.68750E+00   0.10000E+01   0.10000E+01   0.00000E+00
     353   0.75000E+00   0.10000E+01   0.10000E+01   0.00000E+00
     354   0.81250E+00   0.10000E+01   0.10000E+01   0.00000E+00
     355   0.87500E+00   0.10000E+01   0.10000E+01   0.00000E+00
     356   0.93750E+00   0.10000E+01   0.10000E+01   0.00000E+00
     357   0.10000E+01   0.10000E+01   0.10000E+01   0.00000E+00