       1   0.00000E+00   0.00000E+00   0.00000E+00   0.00000E+00
       2   0.62500E-01   0.00000E+00   0.00000E+00   0.00000E+00
       3   0.12500E+00   0.00000E+00   0.00000E+00   0.00000E+00
       4   0.18750E+00   0.00000E+00   0.00000E+00   0.00000E+00
       5   0.25000E+00   0.00000E+00   0.00000E+00   0.00000E+00
       6   0.31250E+00   0.00000E+00   0.00000E+00   0.00000E+00
       7   0.37500E+00   0.00000E+00   0.00000E+00   0.00000E+00
       8   0.43750E+00   0.00000E+00   0.00000E+00   0.00000E+00
       9   0.50000E+00   0.00000E+00   0.00000E+00   0.00000E+00
      10   0.56250E+00   0.00000E+00   0.00000E+00   0.00000E+00
      11   0.62500E+00   0.00000E+00   0.00000E+00   0.00000E+00
      12   0.68750E+00   0.00000E+00   0.00000E+00   0.00000E+00
      13   0.75000E+00   0.00000E+00   0.00000E+00   0.00000E+00
      14   0.81250E+00   0.00000E+00   0.00000E+00   0.00000E+00
      15   0.87500E+00   0.00000E+00   0.00000E+00   0.00000E+00
      16   0.93750E+00   0.00000E+00   0.00000E+00   0.00000E+00
      17   0.10000E+01   0.00000E+00   0.00000E+00   0.00000E+00
      18   0.00000E+00   0.62500E-01   0.00000E+00   0.00000E+00
      19   0.62500E-01   0.62500E-01  -0.87603E-03   0.85634E-03
      20   0.12500E+00   0.62500E-01  -0.42786E-02   0.25708E-02
      21   0.18750E+00   0.62500E-01  -0.10478E-01   0.36976E-02
      22   0.25000E+00   0.62500E-01  -0.18020E-01   0.40445E-02
      23   0.31250E+00   0.62500E-01  -0.25560E-01   0.37582E-02
      24   0.37500E+00   0.62500E-01  -0.31906E-01   0.28120E-02
      25   0.43750E+00   0.62500E-01  -0.36062E-01   0.15233E-02
      26   0.50000E+00   0.62500E-01  -0.37541E-01   0.10774E-09
      27   0.56250E+00   0.62500E-01  -0.36062E-01  -0.15233E-02
      28   0.62500E+00   0.62500E-01  -0.31906E-01  -0.28120E-02
      29   0.68750E+00   0.62500E-01  -0.25560E-01  -0.37582E-02
      30   0.75000E+00   0.62500E-01  -0.18020E-01  -0.40444E-02
      31   0.81250E+00   0.62500E-01  -0.10478E-01  -0.36976E-02
      32   0.87500E+00   0.62500E-01  -0.42786E-02  -0.25708E-02
      33   0.93750E+00   0.62500E-01  -0.87603E-03  -0.85634E-03
      34   0.10000E+01   0.62500E-01   0.00000E+00   0.00000E+00
      35   0.00000E+00   0.12500E+00   0.00000E+00   0.00000E+00
      36   0.62500E-01   0.12500E+00  -0.27283E-02   0.43573E-02
      37   0.12500E+00   0.12500E+00  -0.10244E-01   0.99290E-02
      38   0.18750E+00   0.12500E+00  -0.21445E-01   0.13641E-01
      39   0.25000E+00   0.12500E+00  -0.34556E-01   0.14786E-01
      40   0.31250E+00   0.12500E+00  -0.47393E-01   0.13527E-01
      41   0.37500E+00   0.12500E+00  -0.58081E-01   0.10171E-01
      42   0.43750E+00   0.12500E+00  -0.65084E-01   0.54574E-02
      43   0.50000E+00   0.12500E+00  -0.67540E-01  -0.36844E-09
      44   0.56250E+00   0.12500E+00  -0.65084E-01  -0.54574E-02
      45   0.62500E+00   0.12500E+00  -0.58081E-01  -0.10171E-01
      46   0.68750E+00   0.12500E+00  -0.47393E-01  -0.13527E-01
      47   0.75000E+00   0.12500E+00  -0.34556E-01  -0.14786E-01
      48   0.81250E+00   0.12500E+00  -0.21445E-01  -0.13641E-01
      49   0.87500E+00   0.12500E+00  -0.10244E-01  -0.99290E-02
      50   0.93750E+00   0.12500E+00  -0.27283E-02  -0.43573E-02
      51   0.10000E+01   0.12500E+00   0.00000E+00   0.00000E+00
      52   0.00000E+00   0.18750E+00   0.00000E+00   0.00000E+00
      53   0.62500E-01   0.18750E+00  -0.43592E-02   0.11168E-01
      54   0.12500E+00   0.18750E+00  -0.15820E-01   0.21833E-01
      55   0.18750E+00   0.18750E+00  -0.31914E-01   0.28667E-01
      56   0.25000E+00   0.18750E+00  -0.49952E-01   0.30550E-01
      57   0.31250E+00   0.18750E+00  -0.67203E-01   0.27609E-01
      58   0.37500E+00   0.18750E+00  -0.81371E-01   0.20710E-01
      59   0.43750E+00   0.18750E+00  -0.90562E-01   0.11056E-01
      60   0.50000E+00   0.18750E+00  -0.93791E-01  -0.17930E-09
      61   0.56250E+00   0.18750E+00  -0.90562E-01  -0.11056E-01
      62   0.62500E+00   0.18750E+00  -0.81371E-01  -0.20710E-01
      63   0.68750E+00   0.18750E+00  -0.67203E-01  -0.27609E-01
      64   0.75000E+00   0.18750E+00  -0.49952E-01  -0.30550E-01
      65   0.81250E+00   0.18750E+00  -0.31914E-01  -0.28667E-01
      66   0.87500E+00   0.18750E+00  -0.15820E-01  -0.21833E-01
      67   0.93750E+00   0.18750E+00  -0.43592E-02  -0.11168E-01
      68   0.10000E+01   0.18750E+00   0.00000E+00   0.00000E+00
      69   0.00000E+00   0.25000E+00   0.00000E+00   0.00000E+00
      70   0.62500E-01   0.25000E+00  -0.59340E-02   0.20951E-01
      71   0.12500E+00   0.25000E+00  -0.21198E-01   0.38279E-01
      72   0.18750E+00   0.25000E+00  -0.42000E-01   0.48624E-01
      73   0.25000E+00   0.25000E+00  -0.64729E-01   0.50875E-01
      74   0.31250E+00   0.25000E+00  -0.85992E-01   0.45490E-01
      75   0.37500E+00   0.25000E+00  -0.10320E+00   0.33903E-01
      76   0.43750E+00   0.25000E+00  -0.11426E+00   0.18037E-01
      77   0.50000E+00   0.25000E+00  -0.11811E+00  -0.14714E-08
      78   0.56250E+00   0.25000E+00  -0.11426E+00  -0.18037E-01
      79   0.62500E+00   0.25000E+00  -0.10320E+00  -0.33903E-01
      80   0.68750E+00   0.25000E+00  -0.85992E-01  -0.45490E-01
      81   0.75000E+00   0.25000E+00  -0.64729E-01  -0.50875E-01
      82   0.81250E+00   0.25000E+00  -0.42000E-01  -0.48624E-01
      83   0.87500E+00   0.25000E+00  -0.21198E-01  -0.38279E-01
      84   0.93750E+00   0.25000E+00  -0.59340E-02  -0.20951E-01
      85   0.10000E+01   0.25000E+00   0.00000E+00   0.00000E+00
      86   0.00000E+00   0.31250E+00   0.00000E+00   0.00000E+00
      87   0.62500E-01   0.31250E+00  -0.75125E-02   0.33634E-01
      88   0.12500E+00   0.31250E+00  -0.26612E-01   0.59194E-01
      89   0.18750E+00   0.31250E+00  -0.52123E-01   0.73375E-01
      90   0.25000E+00   0.31250E+00  -0.79432E-01   0.75556E-01
      91   0.31250E+00   0.31250E+00  -0.10446E+00   0.66785E-01
      92   0.37500E+00   0.31250E+00  -0.12438E+00   0.49429E-01
      93   0.43750E+00   0.31250E+00  -0.13703E+00   0.26175E-01
      94   0.50000E+00   0.31250E+00  -0.14141E+00  -0.28579E-08
      95   0.56250E+00   0.31250E+00  -0.13703E+00  -0.26175E-01
      96   0.62500E+00   0.31250E+00  -0.12438E+00  -0.49429E-01
      97   0.68750E+00   0.31250E+00  -0.10446E+00  -0.66785E-01
      98   0.75000E+00   0.31250E+00  -0.79432E-01  -0.75556E-01
      99   0.81250E+00   0.31250E+00  -0.52123E-01  -0.73375E-01
     100   0.87500E+00   0.31250E+00  -0.26612E-01  -0.59194E-01
     101   0.93750E+00   0.31250E+00  -0.75125E-02  -0.33634E-01
     102   0.10000E+01   0.31250E+00   0.00000E+00   0.00000E+00
     103   0.00000E+00   0.37500E+00   0.00000E+00   0.00000E+00
     104   0.62500E-01   0.37500E+00  -0.92205E-02   0.49347E-01
     105   0.12500E+00   0.37500E+00  -0.32294E-01   0.84632E-01
     106   0.18750E+00   0.37500E+00  -0.62497E-01   0.10285E+00
     107   0.25000E+00   0.37500E+00  -0.94120E-01   0.10425E+00
     108   0.31250E+00   0.37500E+00  -0.12241E+00   0.91071E-01
     109   0.37500E+00   0.37500E+00  -0.14449E+00   0.66823E-01
     110   0.43750E+00   0.37500E+00  -0.15830E+00   0.35210E-01
     111   0.50000E+00   0.37500E+00  -0.16305E+00  -0.30959E-08
     112   0.56250E+00   0.37500E+00  -0.15830E+00  -0.35210E-01
     113   0.62500E+00   0.37500E+00  -0.14449E+00  -0.66823E-01
     114   0.68750E+00   0.37500E+00  -0.12241E+00  -0.91071E-01
     115   0.75000E+00   0.37500E+00  -0.94120E-01  -0.10425E+00
     116   0.81250E+00   0.37500E+00  -0.62497E-01  -0.10285E+00
     117   0.87500E+00   0.37500E+00  -0.32294E-01  -0.84632E-01
     118   0.93750E+00   0.37500E+00  -0.92205E-02  -0.49347E-01
     119   0.10000E+01   0.37500E+00   0.00000E+00   0.00000E+00
     120   0.00000E+00   0.43750E+00   0.00000E+00   0.00000E+00
     121   0.62500E-01   0.43750E+00  -0.11133E-01   0.68344E-01
     122   0.12500E+00   0.43750E+00  -0.38532E-01   0.11478E+00
     123   0.18750E+00   0.43750E+00  -0.73311E-01   0.13685E+00
     124   0.25000E+00   0.43750E+00  -0.10862E+00   0.13649E+00
     125   0.31250E+00   0.43750E+00  -0.13915E+00   0.11761E+00
     126   0.37500E+00   0.43750E+00  -0.16229E+00   0.85445E-01
     127   0.43750E+00   0.43750E+00  -0.17647E+00   0.44736E-01
     128   0.50000E+00   0.43750E+00  -0.18124E+00  -0.28993E-08
     129   0.56250E+00   0.43750E+00  -0.17647E+00  -0.44736E-01
     130   0.62500E+00   0.43750E+00  -0.16229E+00  -0.85445E-01
     131   0.68750E+00   0.43750E+00  -0.13915E+00  -0.11761E+00
     132   0.75000E+00   0.43750E+00  -0.10862E+00  -0.13649E+00
     133   0.81250E+00   0.43750E+00  -0.73311E-01  -0.13685E+00
     134   0.87500E+00   0.43750E+00  -0.38532E-01  -0.11478E+00
     135   0.93750E+00   0.43750E+00  -0.11133E-01  -0.68344E-01
     136   0.10000E+01   0.43750E+00   0.00000E+00   0.00000E+00
     137   0.00000E+00   0.50000E+00   0.00000E+00   0.00000E+00
     138   0.62500E-01   0.50000E+00  -0.13336E-01   0.91011E-01
     139   0.12500E+00   0.50000E+00  -0.45189E-01   0.14959E+00
     140   0.18750E+00   0.50000E+00  -0.83976E-01   0.17462E+00
     141   0.25000E+00   0.50000E+00  -0.12157E+00   0.17077E+00
     142   0.31250E+00   0.50000E+00  -0.15241E+00   0.14474E+00
     143   0.37500E+00   0.50000E+00  -0.17475E+00   0.10382E+00
     144   0.43750E+00   0.50000E+00  -0.18793E+00   0.53944E-01
     145   0.50000E+00   0.50000E+00  -0.19229E+00  -0.15117E-08
     146   0.56250E+00   0.50000E+00  -0.18793E+00  -0.53944E-01
     147   0.62500E+00   0.50000E+00  -0.17475E+00  -0.10382E+00
     148   0.68750E+00   0.50000E+00  -0.15241E+00  -0.14474E+00
     149   0.75000E+00   0.50000E+00  -0.12157E+00  -0.17077E+00
     150   0.81250E+00   0.50000E+00  -0.83976E-01  -0.17462E+00
     151   0.87500E+00   0.50000E+00  -0.45189E-01  -0.14959E+00
     152   0.93750E+00   0.50000E+00  -0.13336E-01  -0.91011E-01
     153   0.10000E+01   0.50000E+00   0.00000E+00   0.00000E+00
     154   0.00000E+00   0.56250E+00   0.00000E+00   0.00000E+00
     155   0.62500E-01   0.56250E+00  -0.15964E-01   0.11786E+00
     156   0.12500E+00   0.56250E+00  -0.52634E-01   0.18897E+00
     157   0.18750E+00   0.56250E+00  -0.94078E-01   0.21481E+00
     158   0.25000E+00   0.56250E+00  -0.13117E+00   0.20494E+00
     159   0.31250E+00   0.56250E+00  -0.15887E+00   0.16997E+00
     160   0.37500E+00   0.56250E+00  -0.17717E+00   0.11993E+00
     161   0.43750E+00   0.56250E+00  -0.18725E+00   0.61681E-01
     162   0.50000E+00   0.56250E+00  -0.19038E+00  -0.27281E-08
     163   0.56250E+00   0.56250E+00  -0.18725E+00  -0.61681E-01
     164   0.62500E+00   0.56250E+00  -0.17717E+00  -0.11993E+00
     165   0.68750E+00   0.56250E+00  -0.15887E+00  -0.16997E+00
     166   0.75000E+00   0.56250E+00  -0.13117E+00  -0.20494E+00
     167   0.81250E+00   0.56250E+00  -0.94078E-01  -0.21481E+00
     168   0.87500E+00   0.56250E+00  -0.52634E-01  -0.18897E+00
     169   0.93750E+00   0.56250E+00  -0.15964E-01  -0.11786E+00
     170   0.10000E+01   0.56250E+00   0.00000E+00   0.00000E+00
     171   0.00000E+00   0.62500E+00   0.00000E+00   0.00000E+00
     172   0.62500E-01   0.62500E+00  -0.19017E-01   0.14939E+00
     173   0.12500E+00   0.62500E+00  -0.59945E-01   0.23175E+00
     174   0.18750E+00   0.62500E+00  -0.10115E+00   0.25409E+00
     175   0.25000E+00   0.62500E+00  -0.13290E+00   0.23424E+00
     176   0.31250E+00   0.62500E+00  -0.15215E+00   0.18883E+00
     177   0.37500E+00   0.62500E+00  -0.16206E+00   0.13034E+00
     178   0.43750E+00   0.62500E+00  -0.16623E+00   0.66215E-01
     179   0.50000E+00   0.62500E+00  -0.16727E+00  -0.35283E-08
     180   0.56250E+00   0.62500E+00  -0.16623E+00  -0.66215E-01
     181   0.62500E+00   0.62500E+00  -0.16206E+00  -0.13034E+00
     182   0.68750E+00   0.62500E+00  -0.15215E+00  -0.18883E+00
     183   0.75000E+00   0.62500E+00  -0.13290E+00  -0.23424E+00
     184   0.81250E+00   0.62500E+00  -0.10115E+00  -0.25409E+00
     185   0.87500E+00   0.62500E+00  -0.59945E-01  -0.23175E+00
     186   0.93750E+00   0.62500E+00  -0.19017E-01  -0.14939E+00
     187   0.10000E+01   0.62500E+00   0.00000E+00   0.00000E+00
     188   0.00000E+00   0.68750E+00   0.00000E+00   0.00000E+00
     189   0.62500E-01   0.68750E+00  -0.23127E-01   0.18650E+00
     190   0.12500E+00   0.68750E+00  -0.67949E-01   0.27617E+00
     191   0.18750E+00   0.68750E+00  -0.10280E+00   0.28705E+00
     192   0.25000E+00   0.68750E+00  -0.12026E+00   0.25201E+00
     193   0.31250E+00   0.68750E+00  -0.12295E+00   0.19538E+00
     194   0.37500E+00   0.68750E+00  -0.11866E+00   0.13109E+00
     195   0.43750E+00   0.68750E+00  -0.11385E+00   0.65536E-01
     196   0.50000E+00   0.68750E+00  -0.11173E+00  -0.37675E-08
     197   0.56250E+00   0.68750E+00  -0.11385E+00  -0.65536E-01
     198   0.62500E+00   0.68750E+00  -0.11866E+00  -0.13109E+00
     199   0.68750E+00   0.68750E+00  -0.12295E+00  -0.19538E+00
     200   0.75000E+00   0.68750E+00  -0.12026E+00  -0.25201E+00
     201   0.81250E+00   0.68750E+00  -0.10280E+00  -0.28705E+00
     202   0.87500E+00   0.68750E+00  -0.67949E-01  -0.27617E+00
     203   0.93750E+00   0.68750E+00  -0.23127E-01  -0.18650E+00
     204   0.10000E+01   0.68750E+00   0.00000E+00   0.00000E+00
     205   0.00000E+00   0.75000E+00   0.00000E+00   0.00000E+00
     206   0.62500E-01   0.75000E+00  -0.27586E-01   0.22938E+00
     207   0.12500E+00   0.75000E+00  -0.71755E-01   0.31527E+00
     208   0.18750E+00   0.75000E+00  -0.88561E-01   0.30225E+00
     209   0.25000E+00   0.75000E+00  -0.78864E-01   0.24740E+00
     210   0.31250E+00   0.75000E+00  -0.56165E-01   0.18277E+00
     211   0.37500E+00   0.75000E+00  -0.33072E-01   0.11840E+00
     212   0.43750E+00   0.75000E+00  -0.17110E-01   0.58160E-01
     213   0.50000E+00   0.75000E+00  -0.11461E-01  -0.60142E-08
     214   0.56250E+00   0.75000E+00  -0.17110E-01  -0.58160E-01
     215   0.62500E+00   0.75000E+00  -0.33072E-01  -0.11840E+00
     216   0.68750E+00   0.75000E+00  -0.56165E-01  -0.18277E+00
     217   0.75000E+00   0.75000E+00  -0.78864E-01  -0.24740E+00
     218   0.81250E+00   0.75000E+00  -0.88561E-01  -0.30225E+00
     219   0.87500E+00   0.75000E+00  -0.71755E-01  -0.31527E+00
     220   0.93750E+00   0.75000E+00  -0.27586E-01  -0.22938E+00
     221   0.10000E+01   0.75000E+00   0.00000E+00   0.00000E+00
     222   0.00000E+00   0.78125E+00   0.00000E+00   0.00000E+00
     223   0.62500E-01   0.78125E+00  -0.30331E-01   0.25287E+00
     224   0.12500E+00   0.78125E+00  -0.71167E-01   0.32925E+00
     225   0.18750E+00   0.78125E+00  -0.70408E-01   0.29821E+00
     226   0.25000E+00   0.78125E+00  -0.40352E-01   0.23322E+00
     227   0.31250E+00   0.78125E+00  -0.22058E-02   0.16733E+00
     228   0.37500E+00   0.78125E+00   0.30941E-01   0.10640E+00
     229   0.43750E+00   0.78125E+00   0.52219E-01   0.51676E-01
     230   0.50000E+00   0.78125E+00   0.59702E-01  -0.52861E-08
     231   0.56250E+00   0.78125E+00   0.52219E-01  -0.51676E-01
     232   0.62500E+00   0.78125E+00   0.30941E-01  -0.10640E+00
     233   0.68750E+00   0.78125E+00  -0.22058E-02  -0.16733E+00
     234   0.75000E+00   0.78125E+00  -0.40352E-01  -0.23322E+00
     235   0.81250E+00   0.78125E+00  -0.70408E-01  -0.29821E+00
     236   0.87500E+00   0.78125E+00  -0.71167E-01  -0.32925E+00
     237   0.93750E+00   0.78125E+00  -0.30331E-01  -0.25287E+00
     238   0.10000E+01   0.78125E+00   0.00000E+00   0.00000E+00
     239   0.00000E+00   0.81250E+00   0.00000E+00   0.00000E+00
     240   0.62500E-01   0.81250E+00  -0.32718E-01   0.27719E+00
     241   0.12500E+00   0.81250E+00  -0.64569E-01   0.33451E+00
     242   0.18750E+00   0.81250E+00  -0.38834E-01   0.28244E+00
     243   0.25000E+00   0.81250E+00   0.15811E-01   0.20911E+00
     244   0.31250E+00   0.81250E+00   0.69626E-01   0.14596E+00
     245   0.37500E+00   0.81250E+00   0.11154E+00   0.90612E-01
     246   0.43750E+00   0.81250E+00   0.13779E+00   0.43697E-01
     247   0.50000E+00   0.81250E+00   0.14617E+00  -0.27953E-08
     248   0.56250E+00   0.81250E+00   0.13779E+00  -0.43697E-01
     249   0.62500E+00   0.81250E+00   0.11154E+00  -0.90612E-01
     250   0.68750E+00   0.81250E+00   0.69626E-01  -0.14596E+00
     251   0.75000E+00   0.81250E+00   0.15811E-01  -0.20911E+00
     252   0.81250E+00   0.81250E+00  -0.38834E-01  -0.28244E+00
     253   0.87500E+00   0.81250E+00  -0.64569E-01  -0.33451E+00
     254   0.93750E+00   0.81250E+00  -0.32718E-01  -0.27719E+00
     255   0.10000E+01   0.81250E+00   0.00000E+00   0.00000E+00
     256   0.00000E+00   0.84375E+00   0.00000E+00   0.00000E+00
     257   0.62500E-01   0.84375E+00  -0.34085E-01   0.30141E+00
     258   0.12500E+00   0.84375E+00  -0.48816E-01   0.32561E+00
     259   0.18750E+00   0.84375E+00   0.14310E-01   0.25108E+00
     260   0.25000E+00   0.84375E+00   0.95257E-01   0.17589E+00
     261   0.31250E+00   0.84375E+00   0.16247E+00   0.11872E+00
     262   0.37500E+00   0.84375E+00   0.21140E+00   0.72516E-01
     263   0.43750E+00   0.84375E+00   0.24018E+00   0.34357E-01
     264   0.50000E+00   0.84375E+00   0.25007E+00  -0.35363E-08
     265   0.56250E+00   0.84375E+00   0.24018E+00  -0.34357E-01
     266   0.62500E+00   0.84375E+00   0.21140E+00  -0.72516E-01
     267   0.68750E+00   0.84375E+00   0.16247E+00  -0.11872E+00
     268   0.75000E+00   0.84375E+00   0.95257E-01  -0.17589E+00
     269   0.81250E+00   0.84375E+00   0.14310E-01  -0.25108E+00
     270   0.87500E+00   0.84375E+00  -0.48816E-01  -0.32561E+00
     271   0.93750E+00   0.84375E+00  -0.34085E-01  -0.30141E+00
     272   0.10000E+01   0.84375E+00   0.00000E+00   0.00000E+00
     273   0.00000E+00   0.87500E+00   0.00000E+00   0.00000E+00
     274   0.62500E-01   0.87500E+00  -0.31017E-01   0.32177E+00
     275   0.12500E+00   0.87500E+00  -0.97145E-02   0.29098E+00
     276   0.18750E+00   0.87500E+00   0.99677E-01   0.20332E+00
     277   0.25000E+00   0.87500E+00   0.20442E+00   0.13373E+00
     278   0.31250E+00   0.87500E+00   0.27941E+00   0.88789E-01
     279   0.37500E+00   0.87500E+00   0.33009E+00   0.51679E-01
     280   0.43750E+00   0.87500E+00   0.36121E+00   0.24905E-01
     281   0.50000E+00   0.87500E+00   0.36897E+00  -0.36708E-08
     282   0.56250E+00   0.87500E+00   0.36121E+00  -0.24905E-01
     283   0.62500E+00   0.87500E+00   0.33009E+00  -0.51679E-01
     284   0.68750E+00   0.87500E+00   0.27941E+00  -0.88789E-01
     285   0.75000E+00   0.87500E+00   0.20442E+00  -0.13373E+00
     286   0.81250E+00   0.87500E+00   0.99677E-01  -0.20332E+00
     287   0.87500E+00   0.87500E+00  -0.97145E-02  -0.29098E+00
     288   0.93750E+00   0.87500E+00  -0.31017E-01  -0.32177E+00
     289   0.10000E+01   0.87500E+00   0.00000E+00   0.00000E+00
     290   0.00000E+00   0.90625E+00   0.00000E+00   0.00000E+00
     291   0.62500E-01   0.90625E+00  -0.16360E-01   0.33267E+00
     292   0.12500E+00   0.90625E+00   0.68491E-01   0.21608E+00
     293   0.18750E+00   0.90625E+00   0.23730E+00   0.13808E+00
     294   0.25000E+00   0.90625E+00   0.34542E+00   0.92370E-01
     295   0.31250E+00   0.90625E+00   0.42156E+00   0.55721E-01
     296   0.37500E+00   0.90625E+00   0.47232E+00   0.33684E-01
     297   0.43750E+00   0.90625E+00   0.49782E+00   0.15296E-01
     298   0.50000E+00   0.90625E+00   0.50815E+00   0.22262E-08
     299   0.56250E+00   0.90625E+00   0.49782E+00  -0.15296E-01
     300   0.62500E+00   0.90625E+00   0.47232E+00  -0.33684E-01
     301   0.68750E+00   0.90625E+00   0.42156E+00  -0.55721E-01
     302   0.75000E+00   0.90625E+00   0.34542E+00  -0.92370E-01
     303   0.81250E+00   0.90625E+00   0.23730E+00  -0.13808E+00
     304   0.87500E+00   0.90625E+00   0.68491E-01  -0.21608E+00
     305   0.93750E+00   0.90625E+00  -0.16360E-01  -0.33267E+00
     306   0.10000E+01   0.90625E+00   0.00000E+00   0.00000E+00
     307   0.00000E+00   0.93750E+00   0.00000E+00   0.00000E+00
     308   0.62500E-01   0.93750E+00   0.38162E-01   0.31011E+00
     309   0.12500E+00   0.93750E+00   0.24883E+00   0.81086E-01
     310   0.18750E+00   0.93750E+00   0.43609E+00   0.80028E-01
     311   0.25000E+00   0.93750E+00   0.51711E+00   0.41713E-01
     312   0.31250E+00   0.93750E+00   0.59448E+00   0.27653E-01
     313   0.37500E+00   0.93750E+00   0.62768E+00   0.16315E-01
     314   0.43750E+00   0.93750E+00   0.65353E+00   0.72718E-02
     315   0.50000E+00   0.93750E+00   0.65727E+00   0.52416E-08
     316   0.56250E+00   0.93750E+00   0.65353E+00  -0.72718E-02
     317   0.62500E+00   0.93750E+00   0.62768E+00  -0.16315E-01
     318   0.68750E+00   0.93750E+00   0.59448E+00  -0.27653E-01
     319   0.75000E+00   0.93750E+00   0.51711E+00  -0.41713E-01
     320   0.81250E+00   0.93750E+00   0.43609E+00  -0.80028E-01
     321   0.87500E+00   0.93750E+00   0.24883E+00  -0.81086E-01
     322   0.93750E+00   0.93750E+00   0.38162E-01  -0.31011E+00
     323   0.10000E+01   0.93750E+00   0.00000E+00   0.00000E+00
     324   0.00000E+00   0.96875E+00   0.00000E+00   0.00000E+00
     325   0.62500E-01   0.96875E+00   0.29043E+00   0.14251E+00
     326   0.12500E+00   0.96875E+00   0.59855E+00  -0.25846E-02
     327   0.18750E+00   0.96875E+00   0.67723E+00   0.29786E-01
     328   0.25000E+00   0.96875E+00   0.75294E+00   0.42900E-02
     329   0.31250E+00   0.96875E+00   0.78528E+00   0.89841E-02
     330   0.37500E+00   0.96875E+00   0.80962E+00   0.26311E-02
     331   0.43750E+00   0.96875E+00   0.82063E+00   0.22437E-02
     332   0.50000E+00   0.96875E+00   0.82492E+00   0.20355E-08
     333   0.56250E+00   0.96875E+00   0.82063E+00  -0.22437E-02
     334   0.62500E+00   0.96875E+00   0.80962E+00  -0.26311E-02
     335   0.68750E+00   0.96875E+00   0.78528E+00  -0.89841E-02
     336   0.75000E+00   0.96875E+00   0.75294E+00  -0.42900E-02
     337   0.81250E+00   0.96875E+00   0.67723E+00  -0.29786E-01
     338   0.87500E+00   0.96875E+00   0.59855E+00   0.25846E-02
     339   0.93750E+00   0.96875E+00   0.29043E+00  -0.14251E+00
     340   0.10000E+01   0.96875E+00   0.00000E+00   0.00000E+00
     341   0.00000E+00   0.10000E+01   0.10000E+01   0.00000E+00
     342   0.62500E-01   0.10000E+01   0.10000E+01   0.00000E+00
     343   0.12500E+00   0.10000E+01   0.10000E+01   0.00000E+00
     344   0.18750E+00   0.10000E+01   0.10000E+01   0.00000E+00
     345   0.25000E+00   0.10000E+01   0.10000E+01   0.00000E+00
     346   0.31250E+00   0.10000E+01   0.10000E+01   0.00000E+00
     347   0.37500E+00   0.10000E+01   0.10000E+01   0.00000E+00
     348   0.43750E+00   0.10000E+01   0.10000E+01   0.00000E+00
     349   0.50000E+00   0.10000E+01   0.10000E+01   0.00000E+00
     350   0.56250E+00   0.10000E+01   0.10000E+01   0.00000E+00
     351   0.62500E+00   0.10000E+01   0.10000E+01   0.00000E+00
     352   0.68750E+00   0.10000E+01   0.10000E+01   0.00000E+00
     353   0.75000E+00   0.10000E+01   0.10000E+01   0.00000E+00
     354   0.81250E+00   0.10000E+01   0.10000E+01   0.00000E+00
     355   0.87500E+00   0.10000E+01   0.10000E+01   0.00000E+00
     356   0.93750E+00   0.10000E+01   0.10000E+01   0.00000E+00
     357   0.10000E+01   0.10000E+01   0.10000E+01   0.00000E+00