       1   0.00000E+00   0.00000E+00   0.00000E+00   0.00000E+00
       2   0.62500E-01   0.00000E+00   0.00000E+00   0.00000E+00
       3   0.12500E+00   0.00000E+00   0.00000E+00   0.00000E+00
       4   0.18750E+00   0.00000E+00   0.00000E+00   0.00000E+00
       5   0.25000E+00   0.00000E+00   0.00000E+00   0.00000E+00
       6   0.31250E+00   0.00000E+00   0.00000E+00   0.00000E+00
       7   0.37500E+00   0.00000E+00   0.00000E+00   0.00000E+00
       8   0.43750E+00   0.00000E+00   0.00000E+00   0.00000E+00
       9   0.50000E+00   0.00000E+00   0.00000E+00   0.00000E+00
      10   0.56250E+00   0.00000E+00   0.00000E+00   0.00000E+00
      11   0.62500E+00   0.00000E+00   0.00000E+00   0.00000E+00
      12   0.68750E+00   0.00000E+00   0.00000E+00   0.00000E+00
      13   0.75000E+00   0.00000E+00   0.00000E+00   0.00000E+00
      14   0.81250E+00   0.00000E+00   0.00000E+00   0.00000E+00
      15   0.87500E+00   0.00000E+00   0.00000E+00   0.00000E+00
      16   0.93750E+00   0.00000E+00   0.00000E+00   0.00000E+00
      17   0.10000E+01   0.00000E+00   0.00000E+00   0.00000E+00
      18   0.00000E+00   0.62500E-01   0.00000E+00   0.00000E+00
      19   0.62500E-01   0.62500E-01   0.21325E-03  -0.21327E-03
      20   0.12500E+00   0.62500E-01  -0.27219E-02   0.31484E-02
      21   0.18750E+00   0.62500E-01  -0.12750E-01   0.68800E-02
      22   0.25000E+00   0.62500E-01  -0.30421E-01   0.10791E-01
      23   0.31250E+00   0.62500E-01  -0.55580E-01   0.14368E-01
      24   0.37500E+00   0.62500E-01  -0.84751E-01   0.14802E-01
      25   0.43750E+00   0.62500E-01  -0.11021E+00   0.10654E-01
      26   0.50000E+00   0.62500E-01  -0.12272E+00   0.18609E-02
      27   0.56250E+00   0.62500E-01  -0.11595E+00  -0.86313E-02
      28   0.62500E+00   0.62500E-01  -0.89741E-01  -0.17580E-01
      29   0.68750E+00   0.62500E-01  -0.51933E-01  -0.20228E-01
      30   0.75000E+00   0.62500E-01  -0.16527E-01  -0.15178E-01
      31   0.81250E+00   0.62500E-01   0.45883E-02  -0.59372E-02
      32   0.87500E+00   0.62500E-01   0.92175E-02   0.13080E-02
      33   0.93750E+00   0.62500E-01   0.39547E-02   0.39547E-02
      34   0.10000E+01   0.62500E-01   0.00000E+00   0.00000E+00
      35   0.00000E+00   0.12500E+00   0.00000E+00   0.00000E+00
      36   0.62500E-01   0.12500E+00  -0.43182E-02   0.38917E-02
      37   0.12500E+00   0.12500E+00  -0.18565E-01   0.16225E-01
      38   0.18750E+00   0.12500E+00  -0.44595E-01   0.29861E-01
      39   0.25000E+00   0.12500E+00  -0.82294E-01   0.43179E-01
      40   0.31250E+00   0.12500E+00  -0.12616E+00   0.51005E-01
      41   0.37500E+00   0.12500E+00  -0.16664E+00   0.47813E-01
      42   0.43750E+00   0.12500E+00  -0.19511E+00   0.31574E-01
      43   0.50000E+00   0.12500E+00  -0.20735E+00   0.56978E-02
      44   0.56250E+00   0.12500E+00  -0.20170E+00  -0.24885E-01
      45   0.62500E+00   0.12500E+00  -0.17723E+00  -0.52012E-01
      46   0.68750E+00   0.12500E+00  -0.13471E+00  -0.66121E-01
      47   0.75000E+00   0.12500E+00  -0.81342E-01  -0.58061E-01
      48   0.81250E+00   0.12500E+00  -0.33968E-01  -0.31544E-01
      49   0.87500E+00   0.12500E+00  -0.70026E-02  -0.46803E-02
      50   0.93750E+00   0.12500E+00   0.14683E-03   0.80563E-02
      51   0.10000E+01   0.12500E+00   0.00000E+00   0.00000E+00
      52   0.00000E+00   0.18750E+00   0.00000E+00   0.00000E+00
      53   0.62500E-01   0.18750E+00  -0.10897E-01   0.19107E-01
      54   0.12500E+00   0.18750E+00  -0.38992E-01   0.43352E-01
      55   0.18750E+00   0.18750E+00  -0.79837E-01   0.69609E-01
      56   0.25000E+00   0.18750E+00  -0.12921E+00   0.90503E-01
      57   0.31250E+00   0.18750E+00  -0.17818E+00   0.96521E-01
      58   0.37500E+00   0.18750E+00  -0.21826E+00   0.82846E-01
      59   0.43750E+00   0.18750E+00  -0.24616E+00   0.52922E-01
      60   0.50000E+00   0.18750E+00  -0.26146E+00   0.11890E-01
      61   0.56250E+00   0.18750E+00  -0.26394E+00  -0.34245E-01
      62   0.62500E+00   0.18750E+00  -0.25112E+00  -0.79947E-01
      63   0.68750E+00   0.18750E+00  -0.21754E+00  -0.11428E+00
      64   0.75000E+00   0.18750E+00  -0.15982E+00  -0.12099E+00
      65   0.81250E+00   0.18750E+00  -0.88405E-01  -0.87397E-01
      66   0.87500E+00   0.18750E+00  -0.31664E-01  -0.32534E-01
      67   0.93750E+00   0.18750E+00  -0.55532E-02   0.26499E-02
      68   0.10000E+01   0.18750E+00   0.00000E+00   0.00000E+00
      69   0.00000E+00   0.25000E+00   0.00000E+00   0.00000E+00
      70   0.62500E-01   0.25000E+00  -0.16771E-01   0.46775E-01
      71   0.12500E+00   0.25000E+00  -0.55595E-01   0.82603E-01
      72   0.18750E+00   0.25000E+00  -0.10310E+00   0.11871E+00
      73   0.25000E+00   0.25000E+00  -0.15299E+00   0.14067E+00
      74   0.31250E+00   0.25000E+00  -0.19565E+00   0.13800E+00
      75   0.37500E+00   0.25000E+00  -0.22621E+00   0.11200E+00
      76   0.43750E+00   0.25000E+00  -0.24439E+00   0.69859E-01
      77   0.50000E+00   0.25000E+00  -0.25383E+00   0.19696E-01
      78   0.56250E+00   0.25000E+00  -0.25866E+00  -0.34746E-01
      79   0.62500E+00   0.25000E+00  -0.25985E+00  -0.91077E-01
      80   0.68750E+00   0.25000E+00  -0.25109E+00  -0.14550E+00
      81   0.75000E+00   0.25000E+00  -0.21736E+00  -0.18123E+00
      82   0.81250E+00   0.25000E+00  -0.14825E+00  -0.16768E+00
      83   0.87500E+00   0.25000E+00  -0.64943E-01  -0.92301E-01
      84   0.93750E+00   0.25000E+00  -0.12867E-01  -0.15770E-01
      85   0.10000E+01   0.25000E+00   0.00000E+00   0.00000E+00
      86   0.00000E+00   0.31250E+00   0.00000E+00   0.00000E+00
      87   0.62500E-01   0.31250E+00  -0.19482E-01   0.83028E-01
      88   0.12500E+00   0.31250E+00  -0.61039E-01   0.12673E+00
      89   0.18750E+00   0.31250E+00  -0.10616E+00   0.16720E+00
      90   0.25000E+00   0.31250E+00  -0.14708E+00   0.18299E+00
      91   0.31250E+00   0.31250E+00  -0.17663E+00   0.16789E+00
      92   0.37500E+00   0.31250E+00  -0.19232E+00   0.12834E+00
      93   0.43750E+00   0.31250E+00  -0.19804E+00   0.77415E-01
      94   0.50000E+00   0.31250E+00  -0.19968E+00   0.23216E-01
      95   0.56250E+00   0.31250E+00  -0.20220E+00  -0.30916E-01
      96   0.62500E+00   0.31250E+00  -0.20850E+00  -0.87413E-01
      97   0.68750E+00   0.31250E+00  -0.21783E+00  -0.14860E+00
      98   0.75000E+00   0.31250E+00  -0.21877E+00  -0.21091E+00
      99   0.81250E+00   0.31250E+00  -0.18456E+00  -0.24132E+00
     100   0.87500E+00   0.31250E+00  -0.10398E+00  -0.18255E+00
     101   0.93750E+00   0.31250E+00  -0.26474E-01  -0.55111E-01
     102   0.10000E+01   0.31250E+00   0.00000E+00   0.00000E+00
     103   0.00000E+00   0.37500E+00   0.00000E+00   0.00000E+00
     104   0.62500E-01   0.37500E+00  -0.17367E-01   0.11988E+00
     105   0.12500E+00   0.37500E+00  -0.53876E-01   0.16795E+00
     106   0.18750E+00   0.37500E+00  -0.89597E-01   0.20682E+00
     107   0.25000E+00   0.37500E+00  -0.11810E+00   0.21280E+00
     108   0.31250E+00   0.37500E+00  -0.13430E+00   0.18382E+00
     109   0.37500E+00   0.37500E+00  -0.14016E+00   0.13396E+00
     110   0.43750E+00   0.37500E+00  -0.14090E+00   0.78263E-01
     111   0.50000E+00   0.37500E+00  -0.14159E+00   0.24683E-01
     112   0.56250E+00   0.37500E+00  -0.14351E+00  -0.27938E-01
     113   0.62500E+00   0.37500E+00  -0.14715E+00  -0.80450E-01
     114   0.68750E+00   0.37500E+00  -0.15592E+00  -0.13745E+00
     115   0.75000E+00   0.37500E+00  -0.17085E+00  -0.20619E+00
     116   0.81250E+00   0.37500E+00  -0.17379E+00  -0.27732E+00
     117   0.87500E+00   0.37500E+00  -0.12616E+00  -0.27476E+00
     118   0.93750E+00   0.37500E+00  -0.42490E-01  -0.12407E+00
     119   0.10000E+01   0.37500E+00   0.00000E+00   0.00000E+00
     120   0.00000E+00   0.43750E+00   0.00000E+00   0.00000E+00
     121   0.62500E-01   0.43750E+00  -0.11449E-01   0.14869E+00
     122   0.12500E+00   0.43750E+00  -0.35972E-01   0.20016E+00
     123   0.18750E+00   0.43750E+00  -0.59745E-01   0.23410E+00
     124   0.25000E+00   0.43750E+00  -0.75791E-01   0.23008E+00
     125   0.31250E+00   0.43750E+00  -0.84148E-01   0.19110E+00
     126   0.37500E+00   0.43750E+00  -0.86921E-01   0.13532E+00
     127   0.43750E+00   0.43750E+00  -0.89127E-01   0.79852E-01
     128   0.50000E+00   0.43750E+00  -0.92516E-01   0.27165E-01
     129   0.56250E+00   0.43750E+00  -0.96699E-01  -0.24314E-01
     130   0.62500E+00   0.43750E+00  -0.10038E+00  -0.76758E-01
     131   0.68750E+00   0.43750E+00  -0.10406E+00  -0.12868E+00
     132   0.75000E+00   0.43750E+00  -0.11491E+00  -0.18919E+00
     133   0.81250E+00   0.43750E+00  -0.13149E+00  -0.27478E+00
     134   0.87500E+00   0.43750E+00  -0.11890E+00  -0.33752E+00
     135   0.93750E+00   0.43750E+00  -0.48661E-01  -0.21523E+00
     136   0.10000E+01   0.43750E+00   0.00000E+00   0.00000E+00
     137   0.00000E+00   0.50000E+00   0.00000E+00   0.00000E+00
     138   0.62500E-01   0.50000E+00  -0.27510E-02   0.16289E+00
     139   0.12500E+00   0.50000E+00  -0.12613E-01   0.22035E+00
     140   0.18750E+00   0.50000E+00  -0.23335E-01   0.24841E+00
     141   0.25000E+00   0.50000E+00  -0.30299E-01   0.23878E+00
     142   0.31250E+00   0.50000E+00  -0.33896E-01   0.19435E+00
     143   0.37500E+00   0.50000E+00  -0.36932E-01   0.13788E+00
     144   0.43750E+00   0.50000E+00  -0.40411E-01   0.82984E-01
     145   0.50000E+00   0.50000E+00  -0.45218E-01   0.32230E-01
     146   0.56250E+00   0.50000E+00  -0.50919E-01  -0.19494E-01
     147   0.62500E+00   0.50000E+00  -0.56598E-01  -0.72222E-01
     148   0.68750E+00   0.50000E+00  -0.61162E-01  -0.12497E+00
     149   0.75000E+00   0.50000E+00  -0.67197E-01  -0.17603E+00
     150   0.81250E+00   0.50000E+00  -0.84737E-01  -0.25382E+00
     151   0.87500E+00   0.50000E+00  -0.92559E-01  -0.36325E+00
     152   0.93750E+00   0.50000E+00  -0.44203E-01  -0.30809E+00
     153   0.10000E+01   0.50000E+00   0.00000E+00   0.00000E+00
     154   0.00000E+00   0.56250E+00   0.00000E+00   0.00000E+00
     155   0.62500E-01   0.56250E+00   0.57779E-02   0.15987E+00
     156   0.12500E+00   0.56250E+00   0.12430E-01   0.22659E+00
     157   0.18750E+00   0.56250E+00   0.13679E-01   0.25164E+00
     158   0.25000E+00   0.56250E+00   0.15916E-01   0.24027E+00
     159   0.31250E+00   0.56250E+00   0.15621E-01   0.19676E+00
     160   0.37500E+00   0.56250E+00   0.13396E-01   0.14073E+00
     161   0.43750E+00   0.56250E+00   0.92611E-02   0.87741E-01
     162   0.50000E+00   0.56250E+00   0.43338E-02   0.37207E-01
     163   0.56250E+00   0.56250E+00  -0.17414E-02  -0.12695E-01
     164   0.62500E+00   0.56250E+00  -0.96846E-02  -0.65399E-01
     165   0.68750E+00   0.56250E+00  -0.18202E-01  -0.11871E+00
     166   0.75000E+00   0.56250E+00  -0.26396E-01  -0.16806E+00
     167   0.81250E+00   0.56250E+00  -0.42371E-01  -0.22827E+00
     168   0.87500E+00   0.56250E+00  -0.62516E-01  -0.36083E+00
     169   0.93750E+00   0.56250E+00  -0.34545E-01  -0.38684E+00
     170   0.10000E+01   0.56250E+00   0.00000E+00   0.00000E+00
     171   0.00000E+00   0.62500E+00   0.00000E+00   0.00000E+00
     172   0.62500E-01   0.62500E+00   0.13202E-01   0.14089E+00
     173   0.12500E+00   0.62500E+00   0.33641E-01   0.21848E+00
     174   0.18750E+00   0.62500E+00   0.47955E-01   0.24419E+00
     175   0.25000E+00   0.62500E+00   0.57892E-01   0.23554E+00
     176   0.31250E+00   0.62500E+00   0.63724E-01   0.19595E+00
     177   0.37500E+00   0.62500E+00   0.63547E-01   0.14395E+00
     178   0.43750E+00   0.62500E+00   0.60880E-01   0.91330E-01
     179   0.50000E+00   0.62500E+00   0.56573E-01   0.42852E-01
     180   0.56250E+00   0.62500E+00   0.50381E-01  -0.60721E-02
     181   0.62500E+00   0.62500E+00   0.41484E-01  -0.55181E-01
     182   0.68750E+00   0.62500E+00   0.28223E-01  -0.10715E+00
     183   0.75000E+00   0.62500E+00   0.14136E-01  -0.15734E+00
     184   0.81250E+00   0.62500E+00  -0.64711E-02  -0.20241E+00
     185   0.87500E+00   0.62500E+00  -0.35077E-01  -0.33794E+00
     186   0.93750E+00   0.62500E+00  -0.25696E-01  -0.44708E+00
     187   0.10000E+01   0.62500E+00   0.00000E+00   0.00000E+00
     188   0.00000E+00   0.68750E+00   0.00000E+00   0.00000E+00
     189   0.62500E-01   0.68750E+00   0.16052E-01   0.11163E+00
     190   0.12500E+00   0.68750E+00   0.48122E-01   0.19522E+00
     191   0.18750E+00   0.68750E+00   0.74422E-01   0.22683E+00
     192   0.25000E+00   0.68750E+00   0.95679E-01   0.22171E+00
     193   0.31250E+00   0.68750E+00   0.10938E+00   0.19025E+00
     194   0.37500E+00   0.68750E+00   0.11629E+00   0.14291E+00
     195   0.43750E+00   0.68750E+00   0.11678E+00   0.94549E-01
     196   0.50000E+00   0.68750E+00   0.11374E+00   0.46985E-01
     197   0.56250E+00   0.68750E+00   0.10706E+00   0.26641E-02
     198   0.62500E+00   0.68750E+00   0.95734E-01  -0.43695E-01
     199   0.68750E+00   0.68750E+00   0.78922E-01  -0.88560E-01
     200   0.75000E+00   0.68750E+00   0.56006E-01  -0.13892E+00
     201   0.81250E+00   0.68750E+00   0.27735E-01  -0.17195E+00
     202   0.87500E+00   0.68750E+00  -0.13461E-01  -0.29860E+00
     203   0.93750E+00   0.68750E+00  -0.18243E-01  -0.49102E+00
     204   0.10000E+01   0.68750E+00   0.00000E+00   0.00000E+00
     205   0.00000E+00   0.75000E+00   0.00000E+00   0.00000E+00
     206   0.62500E-01   0.75000E+00   0.15573E-01   0.80006E-01
     207   0.12500E+00   0.75000E+00   0.50179E-01   0.16017E+00
     208   0.18750E+00   0.75000E+00   0.88460E-01   0.19730E+00
     209   0.25000E+00   0.75000E+00   0.11991E+00   0.19853E+00
     210   0.31250E+00   0.75000E+00   0.14588E+00   0.17375E+00
     211   0.37500E+00   0.75000E+00   0.16216E+00   0.13621E+00
     212   0.43750E+00   0.75000E+00   0.17050E+00   0.92420E-01
     213   0.50000E+00   0.75000E+00   0.17134E+00   0.51330E-01
     214   0.56250E+00   0.75000E+00   0.16577E+00   0.10559E-01
     215   0.62500E+00   0.75000E+00   0.15356E+00  -0.28056E-01
     216   0.68750E+00   0.75000E+00   0.13230E+00  -0.66124E-01
     217   0.75000E+00   0.75000E+00   0.10134E+00  -0.10749E+00
     218   0.81250E+00   0.75000E+00   0.60991E-01  -0.13477E+00
     219   0.87500E+00   0.75000E+00   0.66872E-02  -0.24028E+00
     220   0.93750E+00   0.75000E+00  -0.14302E-01  -0.52356E+00
     221   0.10000E+01   0.75000E+00   0.00000E+00   0.00000E+00
     222   0.00000E+00   0.78125E+00   0.00000E+00   0.00000E+00
     223   0.62500E-01   0.78125E+00   0.12591E-01   0.65924E-01
     224   0.12500E+00   0.78125E+00   0.47525E-01   0.13948E+00
     225   0.18750E+00   0.78125E+00   0.87669E-01   0.17878E+00
     226   0.25000E+00   0.78125E+00   0.12723E+00   0.18155E+00
     227   0.31250E+00   0.78125E+00   0.15834E+00   0.16219E+00
     228   0.37500E+00   0.78125E+00   0.18214E+00   0.12773E+00
     229   0.43750E+00   0.78125E+00   0.19511E+00   0.90242E-01
     230   0.50000E+00   0.78125E+00   0.19919E+00   0.51055E-01
     231   0.56250E+00   0.78125E+00   0.19543E+00   0.15495E-01
     232   0.62500E+00   0.78125E+00   0.18170E+00  -0.20024E-01
     233   0.68750E+00   0.78125E+00   0.15973E+00  -0.52539E-01
     234   0.75000E+00   0.78125E+00   0.12238E+00  -0.86914E-01
     235   0.81250E+00   0.78125E+00   0.79347E-01  -0.11365E+00
     236   0.87500E+00   0.78125E+00   0.16477E-01  -0.20282E+00
     237   0.93750E+00   0.78125E+00  -0.11582E-01  -0.53651E+00
     238   0.10000E+01   0.78125E+00   0.00000E+00   0.00000E+00
     239   0.00000E+00   0.81250E+00   0.00000E+00   0.00000E+00
     240   0.62500E-01   0.81250E+00   0.10414E-01   0.54421E-01
     241   0.12500E+00   0.81250E+00   0.38928E-01   0.11926E+00
     242   0.18750E+00   0.81250E+00   0.84003E-01   0.15639E+00
     243   0.25000E+00   0.81250E+00   0.12687E+00   0.16273E+00
     244   0.31250E+00   0.81250E+00   0.16809E+00   0.14485E+00
     245   0.37500E+00   0.81250E+00   0.19652E+00   0.11896E+00
     246   0.43750E+00   0.81250E+00   0.21684E+00   0.82363E-01
     247   0.50000E+00   0.81250E+00   0.22425E+00   0.53195E-01
     248   0.56250E+00   0.81250E+00   0.22232E+00   0.16199E-01
     249   0.62500E+00   0.81250E+00   0.20973E+00  -0.75701E-02
     250   0.68750E+00   0.81250E+00   0.18457E+00  -0.41430E-01
     251   0.75000E+00   0.81250E+00   0.14665E+00  -0.60389E-01
     252   0.81250E+00   0.81250E+00   0.98047E-01  -0.94352E-01
     253   0.87500E+00   0.81250E+00   0.31970E-01  -0.15764E+00
     254   0.93750E+00   0.81250E+00  -0.93742E-02  -0.54698E+00
     255   0.10000E+01   0.81250E+00   0.00000E+00   0.00000E+00
     256   0.00000E+00   0.84375E+00   0.00000E+00   0.00000E+00
     257   0.62500E-01   0.84375E+00   0.43126E-02   0.47058E-01
     258   0.12500E+00   0.84375E+00   0.29301E-01   0.99873E-01
     259   0.18750E+00   0.84375E+00   0.71112E-01   0.13234E+00
     260   0.25000E+00   0.84375E+00   0.12363E+00   0.13909E+00
     261   0.31250E+00   0.84375E+00   0.16898E+00   0.12519E+00
     262   0.37500E+00   0.84375E+00   0.20789E+00   0.10494E+00
     263   0.43750E+00   0.84375E+00   0.23209E+00   0.74120E-01
     264   0.50000E+00   0.84375E+00   0.24521E+00   0.51178E-01
     265   0.56250E+00   0.84375E+00   0.24619E+00   0.18689E-01
     266   0.62500E+00   0.84375E+00   0.23225E+00   0.32062E-02
     267   0.68750E+00   0.84375E+00   0.21077E+00  -0.28884E-01
     268   0.75000E+00   0.84375E+00   0.16779E+00  -0.32486E-01
     269   0.81250E+00   0.84375E+00   0.12667E+00  -0.77395E-01
     270   0.87500E+00   0.84375E+00   0.51655E-01  -0.10405E+00
     271   0.93750E+00   0.84375E+00  -0.24017E-02  -0.55287E+00
     272   0.10000E+01   0.84375E+00   0.00000E+00   0.00000E+00
     273   0.00000E+00   0.87500E+00   0.00000E+00   0.00000E+00
     274   0.62500E-01   0.87500E+00  -0.85653E-03   0.45330E-01
     275   0.12500E+00   0.87500E+00   0.10218E-01   0.83569E-01
     276   0.18750E+00   0.87500E+00   0.57690E-01   0.10400E+00
     277   0.25000E+00   0.87500E+00   0.10921E+00   0.11541E+00
     278   0.31250E+00   0.87500E+00   0.16892E+00   0.96342E-01
     279   0.37500E+00   0.87500E+00   0.20864E+00   0.94472E-01
     280   0.43750E+00   0.87500E+00   0.24393E+00   0.54842E-01
     281   0.50000E+00   0.87500E+00   0.25739E+00   0.57167E-01
     282   0.56250E+00   0.87500E+00   0.26403E+00   0.88890E-02
     283   0.62500E+00   0.87500E+00   0.25231E+00   0.25834E-01
     284   0.68750E+00   0.87500E+00   0.23274E+00  -0.30981E-01
     285   0.75000E+00   0.87500E+00   0.20104E+00   0.69505E-02
     286   0.81250E+00   0.87500E+00   0.16188E+00  -0.76694E-01
     287   0.87500E+00   0.87500E+00   0.95766E-01  -0.34185E-01
     288   0.93750E+00   0.87500E+00   0.62500E-02  -0.55095E+00
     289   0.10000E+01   0.87500E+00   0.00000E+00   0.00000E+00
     290   0.00000E+00   0.90625E+00   0.00000E+00   0.00000E+00
     291   0.62500E-01   0.90625E+00  -0.10768E-01   0.51142E-01
     292   0.12500E+00   0.90625E+00  -0.13865E-01   0.73768E-01
     293   0.18750E+00   0.90625E+00   0.29113E-01   0.68577E-01
     294   0.25000E+00   0.90625E+00   0.95405E-01   0.91929E-01
     295   0.31250E+00   0.90625E+00   0.15246E+00   0.61443E-01
     296   0.37500E+00   0.90625E+00   0.20661E+00   0.82439E-01
     297   0.43750E+00   0.90625E+00   0.24206E+00   0.31507E-01
     298   0.50000E+00   0.90625E+00   0.26766E+00   0.60969E-01
     299   0.56250E+00   0.90625E+00   0.27886E+00  -0.38308E-02
     300   0.62500E+00   0.90625E+00   0.27739E+00   0.45147E-01
     301   0.68750E+00   0.90625E+00   0.27295E+00  -0.38288E-01
     302   0.75000E+00   0.90625E+00   0.24632E+00   0.43420E-01
     303   0.81250E+00   0.90625E+00   0.23812E+00  -0.89480E-01
     304   0.87500E+00   0.90625E+00   0.16216E+00   0.49636E-01
     305   0.93750E+00   0.90625E+00   0.38891E-01  -0.52838E+00
     306   0.10000E+01   0.90625E+00   0.00000E+00   0.00000E+00
     307   0.00000E+00   0.93750E+00   0.00000E+00   0.00000E+00
     308   0.62500E-01   0.93750E+00  -0.25771E-01   0.69412E-01
     309   0.12500E+00   0.93750E+00  -0.31566E-01   0.59944E-01
     310   0.18750E+00   0.93750E+00   0.38359E-01   0.25949E-01
     311   0.25000E+00   0.93750E+00   0.94836E-01   0.73172E-01
     312   0.31250E+00   0.93750E+00   0.16819E+00   0.14996E-01
     313   0.37500E+00   0.93750E+00   0.22153E+00   0.75139E-01
     314   0.43750E+00   0.93750E+00   0.27861E+00  -0.74562E-02
     315   0.50000E+00   0.93750E+00   0.30846E+00   0.72206E-01
     316   0.56250E+00   0.93750E+00   0.34469E+00  -0.38777E-01
     317   0.62500E+00   0.93750E+00   0.35042E+00   0.77962E-01
     318   0.68750E+00   0.93750E+00   0.36900E+00  -0.78175E-01
     319   0.75000E+00   0.93750E+00   0.35755E+00   0.10235E+00
     320   0.81250E+00   0.93750E+00   0.35167E+00  -0.14136E+00
     321   0.87500E+00   0.93750E+00   0.33562E+00   0.14752E+00
     322   0.93750E+00   0.93750E+00   0.11211E+00  -0.45287E+00
     323   0.10000E+01   0.93750E+00   0.00000E+00   0.00000E+00
     324   0.00000E+00   0.96875E+00   0.00000E+00   0.00000E+00
     325   0.62500E-01   0.96875E+00   0.82297E-01   0.41148E-01
     326   0.12500E+00   0.96875E+00   0.21455E+00   0.24978E-01
     327   0.18750E+00   0.96875E+00   0.26548E+00   0.48709E-03
     328   0.25000E+00   0.96875E+00   0.33636E+00   0.34954E-01
     329   0.31250E+00   0.96875E+00   0.38786E+00  -0.92078E-02
     330   0.37500E+00   0.96875E+00   0.45132E+00   0.40939E-01
     331   0.43750E+00   0.96875E+00   0.49046E+00  -0.21367E-01
     332   0.50000E+00   0.96875E+00   0.54029E+00   0.46279E-01
     333   0.56250E+00   0.96875E+00   0.55560E+00  -0.38621E-01
     334   0.62500E+00   0.96875E+00   0.59192E+00   0.56780E-01
     335   0.68750E+00   0.96875E+00   0.58242E+00  -0.61532E-01
     336   0.75000E+00   0.96875E+00   0.61231E+00   0.76479E-01
     337   0.81250E+00   0.96875E+00   0.57624E+00  -0.94517E-01
     338   0.87500E+00   0.96875E+00   0.59042E+00   0.10161E+00
     339   0.93750E+00   0.96875E+00   0.39682E+00  -0.19841E+00
     340   0.10000E+01   0.96875E+00   0.00000E+00   0.00000E+00
     341   0.00000E+00   0.10000E+01   0.10000E+01   0.00000E+00
     342   0.62500E-01   0.10000E+01   0.10000E+01   0.00000E+00
     343   0.12500E+00   0.10000E+01   0.10000E+01   0.00000E+00
     344   0.18750E+00   0.10000E+01   0.10000E+01   0.00000E+00
     345   0.25000E+00   0.10000E+01   0.10000E+01   0.00000E+00
     346   0.31250E+00   0.10000E+01   0.10000E+01   0.00000E+00
     347   0.37500E+00   0.10000E+01   0.10000E+01   0.00000E+00
     348   0.43750E+00   0.10000E+01   0.10000E+01   0.00000E+00
     349   0.50000E+00   0.10000E+01   0.10000E+01   0.00000E+00
     350   0.56250E+00   0.10000E+01   0.10000E+01   0.00000E+00
     351   0.62500E+00   0.10000E+01   0.10000E+01   0.00000E+00
     352   0.68750E+00   0.10000E+01   0.10000E+01   0.00000E+00
     353   0.75000E+00   0.10000E+01   0.10000E+01   0.00000E+00
     354   0.81250E+00   0.10000E+01   0.10000E+01   0.00000E+00
     355   0.87500E+00   0.10000E+01   0.10000E+01   0.00000E+00
     356   0.93750E+00   0.10000E+01   0.10000E+01   0.00000E+00
     357   0.10000E+01   0.10000E+01   0.10000E+01   0.00000E+00