       1   0.00000E+00   0.00000E+00   0.00000E+00   0.00000E+00
       2   0.62500E-01   0.00000E+00   0.00000E+00   0.00000E+00
       3   0.12500E+00   0.00000E+00   0.00000E+00   0.00000E+00
       4   0.18750E+00   0.00000E+00   0.00000E+00   0.00000E+00
       5   0.25000E+00   0.00000E+00   0.00000E+00   0.00000E+00
       6   0.31250E+00   0.00000E+00   0.00000E+00   0.00000E+00
       7   0.37500E+00   0.00000E+00   0.00000E+00   0.00000E+00
       8   0.43750E+00   0.00000E+00   0.00000E+00   0.00000E+00
       9   0.50000E+00   0.00000E+00   0.00000E+00   0.00000E+00
      10   0.56250E+00   0.00000E+00   0.00000E+00   0.00000E+00
      11   0.62500E+00   0.00000E+00   0.00000E+00   0.00000E+00
      12   0.68750E+00   0.00000E+00   0.00000E+00   0.00000E+00
      13   0.75000E+00   0.00000E+00   0.00000E+00   0.00000E+00
      14   0.81250E+00   0.00000E+00   0.00000E+00   0.00000E+00
      15   0.87500E+00   0.00000E+00   0.00000E+00   0.00000E+00
      16   0.93750E+00   0.00000E+00   0.00000E+00   0.00000E+00
      17   0.10000E+01   0.00000E+00   0.00000E+00   0.00000E+00
      18   0.00000E+00   0.62500E-01   0.00000E+00   0.00000E+00
      19   0.62500E-01   0.62500E-01  -0.86532E-03   0.61345E-03
      20   0.12500E+00   0.62500E-01  -0.56349E-02   0.36182E-02
      21   0.18750E+00   0.62500E-01  -0.15931E-01   0.62211E-02
      22   0.25000E+00   0.62500E-01  -0.30656E-01   0.84023E-02
      23   0.31250E+00   0.62500E-01  -0.48844E-01   0.99751E-02
      24   0.37500E+00   0.62500E-01  -0.67264E-01   0.91392E-02
      25   0.43750E+00   0.62500E-01  -0.81452E-01   0.57788E-02
      26   0.50000E+00   0.62500E-01  -0.86793E-01  -0.38665E-03
      27   0.56250E+00   0.62500E-01  -0.80058E-01  -0.69341E-02
      28   0.62500E+00   0.62500E-01  -0.62510E-01  -0.12176E-01
      29   0.68750E+00   0.62500E-01  -0.38384E-01  -0.13308E-01
      30   0.75000E+00   0.62500E-01  -0.15185E-01  -0.10373E-01
      31   0.81250E+00   0.62500E-01   0.49230E-03  -0.50317E-02
      32   0.87500E+00   0.62500E-01   0.63696E-02   0.44740E-03
      33   0.93750E+00   0.62500E-01   0.33688E-02   0.33492E-02
      34   0.10000E+01   0.62500E-01   0.00000E+00   0.00000E+00
      35   0.00000E+00   0.12500E+00   0.00000E+00   0.00000E+00
      36   0.62500E-01   0.12500E+00  -0.56330E-02   0.66423E-02
      37   0.12500E+00   0.12500E+00  -0.20791E-01   0.16761E-01
      38   0.18750E+00   0.12500E+00  -0.43701E-01   0.25703E-01
      39   0.25000E+00   0.12500E+00  -0.73336E-01   0.33053E-01
      40   0.31250E+00   0.12500E+00  -0.10617E+00   0.36131E-01
      41   0.37500E+00   0.12500E+00  -0.13644E+00   0.31962E-01
      42   0.43750E+00   0.12500E+00  -0.15763E+00   0.18906E-01
      43   0.50000E+00   0.12500E+00  -0.16520E+00  -0.70962E-03
      44   0.56250E+00   0.12500E+00  -0.15655E+00  -0.22358E-01
      45   0.62500E+00   0.12500E+00  -0.13213E+00  -0.40057E-01
      46   0.68750E+00   0.12500E+00  -0.96087E-01  -0.46221E-01
      47   0.75000E+00   0.12500E+00  -0.56644E-01  -0.39849E-01
      48   0.81250E+00   0.12500E+00  -0.23794E-01  -0.23465E-01
      49   0.87500E+00   0.12500E+00  -0.44195E-02  -0.47330E-02
      50   0.93750E+00   0.12500E+00   0.60415E-03   0.64480E-02
      51   0.10000E+01   0.12500E+00   0.00000E+00   0.00000E+00
      52   0.00000E+00   0.18750E+00   0.00000E+00   0.00000E+00
      53   0.62500E-01   0.18750E+00  -0.11288E-01   0.22556E-01
      54   0.12500E+00   0.18750E+00  -0.37640E-01   0.41504E-01
      55   0.18750E+00   0.18750E+00  -0.72506E-01   0.58799E-01
      56   0.25000E+00   0.18750E+00  -0.11368E+00   0.70983E-01
      57   0.31250E+00   0.18750E+00  -0.15653E+00   0.73761E-01
      58   0.37500E+00   0.18750E+00  -0.19502E+00   0.62802E-01
      59   0.43750E+00   0.18750E+00  -0.22395E+00   0.38193E-01
      60   0.50000E+00   0.18750E+00  -0.23948E+00   0.28415E-02
      61   0.56250E+00   0.18750E+00  -0.23796E+00  -0.36515E-01
      62   0.62500E+00   0.18750E+00  -0.21698E+00  -0.72745E-01
      63   0.68750E+00   0.18750E+00  -0.17539E+00  -0.92014E-01
      64   0.75000E+00   0.18750E+00  -0.11978E+00  -0.89709E-01
      65   0.81250E+00   0.18750E+00  -0.64118E-01  -0.61618E-01
      66   0.87500E+00   0.18750E+00  -0.23366E-01  -0.24918E-01
      67   0.93750E+00   0.18750E+00  -0.41899E-02   0.14598E-02
      68   0.10000E+01   0.18750E+00   0.00000E+00   0.00000E+00
      69   0.00000E+00   0.25000E+00   0.00000E+00   0.00000E+00
      70   0.62500E-01   0.25000E+00  -0.15900E-01   0.47440E-01
      71   0.12500E+00   0.25000E+00  -0.51477E-01   0.76399E-01
      72   0.18750E+00   0.25000E+00  -0.94405E-01   0.10161E+00
      73   0.25000E+00   0.25000E+00  -0.14228E+00   0.11729E+00
      74   0.31250E+00   0.25000E+00  -0.18946E+00   0.11762E+00
      75   0.37500E+00   0.25000E+00  -0.23134E+00   0.99294E-01
      76   0.43750E+00   0.25000E+00  -0.26384E+00   0.63382E-01
      77   0.50000E+00   0.25000E+00  -0.28470E+00   0.14029E-01
      78   0.56250E+00   0.25000E+00  -0.29213E+00  -0.42599E-01
      79   0.62500E+00   0.25000E+00  -0.28247E+00  -0.99115E-01
      80   0.68750E+00   0.25000E+00  -0.24943E+00  -0.14155E+00
      81   0.75000E+00   0.25000E+00  -0.19027E+00  -0.15598E+00
      82   0.81250E+00   0.25000E+00  -0.11508E+00  -0.12394E+00
      83   0.87500E+00   0.25000E+00  -0.48474E-01  -0.66393E-01
      84   0.93750E+00   0.25000E+00  -0.10778E-01  -0.14726E-01
      85   0.10000E+01   0.25000E+00   0.00000E+00   0.00000E+00
      86   0.00000E+00   0.31250E+00   0.00000E+00   0.00000E+00
      87   0.62500E-01   0.31250E+00  -0.18271E-01   0.78599E-01
      88   0.12500E+00   0.31250E+00  -0.57242E-01   0.11704E+00
      89   0.18750E+00   0.31250E+00  -0.10223E+00   0.14889E+00
      90   0.25000E+00   0.31250E+00  -0.14966E+00   0.16531E+00
      91   0.31250E+00   0.31250E+00  -0.19405E+00   0.16152E+00
      92   0.37500E+00   0.31250E+00  -0.23062E+00   0.13414E+00
      93   0.43750E+00   0.31250E+00  -0.25646E+00   0.87683E-01
      94   0.50000E+00   0.31250E+00  -0.27266E+00   0.27359E-01
      95   0.56250E+00   0.31250E+00  -0.28228E+00  -0.38797E-01
      96   0.62500E+00   0.31250E+00  -0.28540E+00  -0.10912E+00
      97   0.68750E+00   0.31250E+00  -0.27626E+00  -0.17468E+00
      98   0.75000E+00   0.31250E+00  -0.24087E+00  -0.22043E+00
      99   0.81250E+00   0.31250E+00  -0.16860E+00  -0.20620E+00
     100   0.87500E+00   0.31250E+00  -0.81763E-01  -0.13590E+00
     101   0.93750E+00   0.31250E+00  -0.20080E-01  -0.46226E-01
     102   0.10000E+01   0.31250E+00   0.00000E+00   0.00000E+00
     103   0.00000E+00   0.37500E+00   0.00000E+00   0.00000E+00
     104   0.62500E-01   0.37500E+00  -0.17038E-01   0.11067E+00
     105   0.12500E+00   0.37500E+00  -0.54199E-01   0.15813E+00
     106   0.18750E+00   0.37500E+00  -0.95276E-01   0.19395E+00
     107   0.25000E+00   0.37500E+00  -0.13634E+00   0.20883E+00
     108   0.31250E+00   0.37500E+00  -0.17086E+00   0.19761E+00
     109   0.37500E+00   0.37500E+00  -0.19554E+00   0.15992E+00
     110   0.43750E+00   0.37500E+00  -0.20937E+00   0.10321E+00
     111   0.50000E+00   0.37500E+00  -0.21709E+00   0.37152E-01
     112   0.56250E+00   0.37500E+00  -0.22413E+00  -0.31061E-01
     113   0.62500E+00   0.37500E+00  -0.23372E+00  -0.10302E+00
     114   0.68750E+00   0.37500E+00  -0.24598E+00  -0.18036E+00
     115   0.75000E+00   0.37500E+00  -0.24435E+00  -0.25654E+00
     116   0.81250E+00   0.37500E+00  -0.20103E+00  -0.28520E+00
     117   0.87500E+00   0.37500E+00  -0.11447E+00  -0.22888E+00
     118   0.93750E+00   0.37500E+00  -0.32035E-01  -0.96604E-01
     119   0.10000E+01   0.37500E+00   0.00000E+00   0.00000E+00
     120   0.00000E+00   0.43750E+00   0.00000E+00   0.00000E+00
     121   0.62500E-01   0.43750E+00  -0.12634E-01   0.13773E+00
     122   0.12500E+00   0.43750E+00  -0.41028E-01   0.19411E+00
     123   0.18750E+00   0.43750E+00  -0.73070E-01   0.23081E+00
     124   0.25000E+00   0.43750E+00  -0.10227E+00   0.24147E+00
     125   0.31250E+00   0.43750E+00  -0.12456E+00   0.22138E+00
     126   0.37500E+00   0.43750E+00  -0.13800E+00   0.17330E+00
     127   0.43750E+00   0.43750E+00  -0.14488E+00   0.11052E+00
     128   0.50000E+00   0.43750E+00  -0.14930E+00   0.42134E-01
     129   0.56250E+00   0.43750E+00  -0.15438E+00  -0.23919E-01
     130   0.62500E+00   0.43750E+00  -0.16264E+00  -0.91968E-01
     131   0.68750E+00   0.43750E+00  -0.17756E+00  -0.16590E+00
     132   0.75000E+00   0.43750E+00  -0.19570E+00  -0.25445E+00
     133   0.81250E+00   0.43750E+00  -0.19301E+00  -0.33185E+00
     134   0.87500E+00   0.43750E+00  -0.13574E+00  -0.32804E+00
     135   0.93750E+00   0.43750E+00  -0.44578E-01  -0.16704E+00
     136   0.10000E+01   0.43750E+00   0.00000E+00   0.00000E+00
     137   0.00000E+00   0.50000E+00   0.00000E+00   0.00000E+00
     138   0.62500E-01   0.50000E+00  -0.57888E-02   0.15518E+00
     139   0.12500E+00   0.50000E+00  -0.22370E-01   0.22076E+00
     140   0.18750E+00   0.50000E+00  -0.41969E-01   0.25588E+00
     141   0.25000E+00   0.50000E+00  -0.58834E-01   0.26206E+00
     142   0.31250E+00   0.50000E+00  -0.69699E-01   0.23412E+00
     143   0.37500E+00   0.50000E+00  -0.76244E-01   0.18015E+00
     144   0.43750E+00   0.50000E+00  -0.80001E-01   0.11433E+00
     145   0.50000E+00   0.50000E+00  -0.83894E-01   0.46830E-01
     146   0.56250E+00   0.50000E+00  -0.88771E-01  -0.18363E-01
     147   0.62500E+00   0.50000E+00  -0.95347E-01  -0.82052E-01
     148   0.68750E+00   0.50000E+00  -0.10711E+00  -0.14823E+00
     149   0.75000E+00   0.50000E+00  -0.12904E+00  -0.22946E+00
     150   0.81250E+00   0.50000E+00  -0.15460E+00  -0.33857E+00
     151   0.87500E+00   0.50000E+00  -0.13471E+00  -0.40652E+00
     152   0.93750E+00   0.50000E+00  -0.52495E-01  -0.25023E+00
     153   0.10000E+01   0.50000E+00   0.00000E+00   0.00000E+00
     154   0.00000E+00   0.56250E+00   0.00000E+00   0.00000E+00
     155   0.62500E-01   0.56250E+00   0.16285E-02   0.15995E+00
     156   0.12500E+00   0.56250E+00  -0.16394E-03   0.23482E+00
     157   0.18750E+00   0.56250E+00  -0.67133E-02   0.26784E+00
     158   0.25000E+00   0.56250E+00  -0.10478E-01   0.27006E+00
     159   0.31250E+00   0.56250E+00  -0.12351E-01   0.23916E+00
     160   0.37500E+00   0.56250E+00  -0.13622E-01   0.18307E+00
     161   0.43750E+00   0.56250E+00  -0.16367E-01   0.11824E+00
     162   0.50000E+00   0.56250E+00  -0.21166E-01   0.51872E-01
     163   0.56250E+00   0.56250E+00  -0.28269E-01  -0.11240E-01
     164   0.62500E+00   0.56250E+00  -0.37781E-01  -0.72924E-01
     165   0.68750E+00   0.56250E+00  -0.49460E-01  -0.13351E+00
     166   0.75000E+00   0.56250E+00  -0.68404E-01  -0.20279E+00
     167   0.81250E+00   0.56250E+00  -0.10233E+00  -0.31495E+00
     168   0.87500E+00   0.56250E+00  -0.11506E+00  -0.44545E+00
     169   0.93750E+00   0.56250E+00  -0.52817E-01  -0.33482E+00
     170   0.10000E+01   0.56250E+00   0.00000E+00   0.00000E+00
     171   0.00000E+00   0.62500E+00   0.00000E+00   0.00000E+00
     172   0.62500E-01   0.62500E+00   0.82072E-02   0.15250E+00
     173   0.12500E+00   0.62500E+00   0.19403E-01   0.23509E+00
     174   0.18750E+00   0.62500E+00   0.26981E-01   0.26670E+00
     175   0.25000E+00   0.62500E+00   0.34190E-01   0.26739E+00
     176   0.31250E+00   0.62500E+00   0.42284E-01   0.23637E+00
     177   0.37500E+00   0.62500E+00   0.46269E-01   0.18373E+00
     178   0.43750E+00   0.62500E+00   0.46357E-01   0.12092E+00
     179   0.50000E+00   0.62500E+00   0.42110E-01   0.58864E-01
     180   0.56250E+00   0.62500E+00   0.33972E-01  -0.24500E-02
     181   0.62500E+00   0.62500E+00   0.22569E-01  -0.60282E-01
     182   0.68750E+00   0.62500E+00   0.70761E-02  -0.11855E+00
     183   0.75000E+00   0.62500E+00  -0.12119E-01  -0.17907E+00
     184   0.81250E+00   0.62500E+00  -0.50054E-01  -0.27529E+00
     185   0.87500E+00   0.62500E+00  -0.84812E-01  -0.44505E+00
     186   0.93750E+00   0.62500E+00  -0.47214E-01  -0.41053E+00
     187   0.10000E+01   0.62500E+00   0.00000E+00   0.00000E+00
     188   0.00000E+00   0.68750E+00   0.00000E+00   0.00000E+00
     189   0.62500E-01   0.68750E+00   0.11716E-01   0.13534E+00
     190   0.12500E+00   0.68750E+00   0.33977E-01   0.22084E+00
     191   0.18750E+00   0.68750E+00   0.53630E-01   0.25337E+00
     192   0.25000E+00   0.68750E+00   0.73757E-01   0.25275E+00
     193   0.31250E+00   0.68750E+00   0.91881E-01   0.22555E+00
     194   0.37500E+00   0.68750E+00   0.10495E+00   0.17796E+00
     195   0.43750E+00   0.68750E+00   0.11021E+00   0.12165E+00
     196   0.50000E+00   0.68750E+00   0.10875E+00   0.63932E-01
     197   0.56250E+00   0.68750E+00   0.10075E+00   0.85523E-02
     198   0.62500E+00   0.68750E+00   0.86374E-01  -0.45496E-01
     199   0.68750E+00   0.68750E+00   0.65017E-01  -0.96939E-01
     200   0.75000E+00   0.68750E+00   0.37267E-01  -0.15405E+00
     201   0.81250E+00   0.68750E+00  -0.18494E-02  -0.22922E+00
     202   0.87500E+00   0.68750E+00  -0.52945E-01  -0.41006E+00
     203   0.93750E+00   0.68750E+00  -0.39234E-01  -0.47123E+00
     204   0.10000E+01   0.68750E+00   0.00000E+00   0.00000E+00
     205   0.00000E+00   0.75000E+00   0.00000E+00   0.00000E+00
     206   0.62500E-01   0.75000E+00   0.11687E-01   0.11421E+00
     207   0.12500E+00   0.75000E+00   0.37162E-01   0.19579E+00
     208   0.18750E+00   0.75000E+00   0.68991E-01   0.22724E+00
     209   0.25000E+00   0.75000E+00   0.10046E+00   0.22730E+00
     210   0.31250E+00   0.75000E+00   0.13191E+00   0.20307E+00
     211   0.37500E+00   0.75000E+00   0.15558E+00   0.16506E+00
     212   0.43750E+00   0.75000E+00   0.17003E+00   0.11593E+00
     213   0.50000E+00   0.75000E+00   0.17404E+00   0.67974E-01
     214   0.56250E+00   0.75000E+00   0.16799E+00   0.19232E-01
     215   0.62500E+00   0.75000E+00   0.15281E+00  -0.25859E-01
     216   0.68750E+00   0.75000E+00   0.12631E+00  -0.68931E-01
     217   0.75000E+00   0.75000E+00   0.91565E-01  -0.11963E+00
     218   0.81250E+00   0.75000E+00   0.47611E-01  -0.18043E+00
     219   0.87500E+00   0.75000E+00  -0.16456E-01  -0.34237E+00
     220   0.93750E+00   0.75000E+00  -0.29385E-01  -0.51447E+00
     221   0.10000E+01   0.75000E+00   0.00000E+00   0.00000E+00
     222   0.00000E+00   0.78125E+00   0.00000E+00   0.00000E+00
     223   0.62500E-01   0.78125E+00   0.89922E-02   0.10445E+00
     224   0.12500E+00   0.78125E+00   0.34786E-01   0.18002E+00
     225   0.18750E+00   0.78125E+00   0.69667E-01   0.21000E+00
     226   0.25000E+00   0.78125E+00   0.10941E+00   0.20863E+00
     227   0.31250E+00   0.78125E+00   0.14649E+00   0.18777E+00
     228   0.37500E+00   0.78125E+00   0.17734E+00   0.15284E+00
     229   0.43750E+00   0.78125E+00   0.19683E+00   0.11083E+00
     230   0.50000E+00   0.78125E+00   0.20447E+00   0.66720E-01
     231   0.56250E+00   0.78125E+00   0.20097E+00   0.24862E-01
     232   0.62500E+00   0.78125E+00   0.18466E+00  -0.15888E-01
     233   0.68750E+00   0.78125E+00   0.15864E+00  -0.52804E-01
     234   0.75000E+00   0.78125E+00   0.11836E+00  -0.97756E-01
     235   0.81250E+00   0.78125E+00   0.74611E-01  -0.15563E+00
     236   0.87500E+00   0.78125E+00   0.44309E-02  -0.29671E+00
     237   0.93750E+00   0.78125E+00  -0.22731E-01  -0.52841E+00
     238   0.10000E+01   0.78125E+00   0.00000E+00   0.00000E+00
     239   0.00000E+00   0.81250E+00   0.00000E+00   0.00000E+00
     240   0.62500E-01   0.81250E+00   0.56779E-02   0.96913E-01
     241   0.12500E+00   0.81250E+00   0.25510E-01   0.16407E+00
     242   0.18750E+00   0.81250E+00   0.67516E-01   0.18888E+00
     243   0.25000E+00   0.81250E+00   0.11173E+00   0.18849E+00
     244   0.31250E+00   0.81250E+00   0.15855E+00   0.16766E+00
     245   0.37500E+00   0.81250E+00   0.19407E+00   0.14091E+00
     246   0.43750E+00   0.81250E+00   0.22085E+00   0.10127E+00
     247   0.50000E+00   0.81250E+00   0.23229E+00   0.68200E-01
     248   0.56250E+00   0.81250E+00   0.23169E+00   0.27360E-01
     249   0.62500E+00   0.81250E+00   0.21755E+00  -0.98591E-03
     250   0.68750E+00   0.81250E+00   0.19090E+00  -0.38823E-01
     251   0.75000E+00   0.81250E+00   0.15180E+00  -0.68852E-01
     252   0.81250E+00   0.81250E+00   0.10621E+00  -0.13333E+00
     253   0.87500E+00   0.81250E+00   0.34082E-01  -0.24081E+00
     254   0.93750E+00   0.81250E+00  -0.14358E-01  -0.53544E+00
     255   0.10000E+01   0.81250E+00   0.00000E+00   0.00000E+00
     256   0.00000E+00   0.84375E+00   0.00000E+00   0.00000E+00
     257   0.62500E-01   0.84375E+00  -0.28454E-02   0.93715E-01
     258   0.12500E+00   0.84375E+00   0.13438E-01   0.14659E+00
     259   0.18750E+00   0.84375E+00   0.57060E-01   0.16517E+00
     260   0.25000E+00   0.84375E+00   0.11208E+00   0.16257E+00
     261   0.31250E+00   0.84375E+00   0.16395E+00   0.14512E+00
     262   0.37500E+00   0.84375E+00   0.20840E+00   0.12308E+00
     263   0.43750E+00   0.84375E+00   0.24006E+00   0.90460E-01
     264   0.50000E+00   0.84375E+00   0.25677E+00   0.64768E-01
     265   0.56250E+00   0.84375E+00   0.26125E+00   0.29833E-01
     266   0.62500E+00   0.84375E+00   0.24811E+00   0.11310E-01
     267   0.68750E+00   0.84375E+00   0.22874E+00  -0.25514E-01
     268   0.75000E+00   0.84375E+00   0.18840E+00  -0.38610E-01
     269   0.81250E+00   0.84375E+00   0.15018E+00  -0.11305E+00
     270   0.87500E+00   0.84375E+00   0.70782E-01  -0.17504E+00
     271   0.93750E+00   0.84375E+00  -0.42866E-03  -0.53307E+00
     272   0.10000E+01   0.84375E+00   0.00000E+00   0.00000E+00
     273   0.00000E+00   0.87500E+00   0.00000E+00   0.00000E+00
     274   0.62500E-01   0.87500E+00  -0.10597E-01   0.96623E-01
     275   0.12500E+00   0.87500E+00  -0.70973E-02   0.12915E+00
     276   0.18750E+00   0.87500E+00   0.49616E-01   0.13601E+00
     277   0.25000E+00   0.87500E+00   0.10727E+00   0.13732E+00
     278   0.31250E+00   0.87500E+00   0.17213E+00   0.11595E+00
     279   0.37500E+00   0.87500E+00   0.21811E+00   0.10970E+00
     280   0.43750E+00   0.87500E+00   0.26085E+00   0.71946E-01
     281   0.50000E+00   0.87500E+00   0.28014E+00   0.69850E-01
     282   0.56250E+00   0.87500E+00   0.29370E+00   0.23143E-01
     283   0.62500E+00   0.87500E+00   0.28723E+00   0.35366E-01
     284   0.68750E+00   0.87500E+00   0.27444E+00  -0.23142E-01
     285   0.75000E+00   0.87500E+00   0.24697E+00   0.45021E-02
     286   0.81250E+00   0.87500E+00   0.20869E+00  -0.10136E+00
     287   0.87500E+00   0.87500E+00   0.13459E+00  -0.91752E-01
     288   0.93750E+00   0.87500E+00   0.18382E-01  -0.51623E+00
     289   0.10000E+01   0.87500E+00   0.00000E+00   0.00000E+00
     290   0.00000E+00   0.90625E+00   0.00000E+00   0.00000E+00
     291   0.62500E-01   0.90625E+00  -0.33071E-01   0.11213E+00
     292   0.12500E+00   0.90625E+00  -0.32776E-01   0.10429E+00
     293   0.18750E+00   0.90625E+00   0.36294E-01   0.10163E+00
     294   0.25000E+00   0.90625E+00   0.10787E+00   0.10836E+00
     295   0.31250E+00   0.90625E+00   0.17692E+00   0.82403E-01
     296   0.37500E+00   0.90625E+00   0.23753E+00   0.92122E-01
     297   0.43750E+00   0.90625E+00   0.28562E+00   0.49572E-01
     298   0.50000E+00   0.90625E+00   0.31913E+00   0.69100E-01
     299   0.56250E+00   0.90625E+00   0.34239E+00   0.12580E-01
     300   0.62500E+00   0.90625E+00   0.34701E+00   0.52239E-01
     301   0.68750E+00   0.90625E+00   0.35097E+00  -0.25308E-01
     302   0.75000E+00   0.90625E+00   0.32431E+00   0.44422E-01
     303   0.81250E+00   0.90625E+00   0.30970E+00  -0.95322E-01
     304   0.87500E+00   0.90625E+00   0.22064E+00   0.96365E-02
     305   0.93750E+00   0.90625E+00   0.54880E-01  -0.47777E+00
     306   0.10000E+01   0.90625E+00   0.00000E+00   0.00000E+00
     307   0.00000E+00   0.93750E+00   0.00000E+00   0.00000E+00
     308   0.62500E-01   0.93750E+00  -0.19701E-01   0.12949E+00
     309   0.12500E+00   0.93750E+00  -0.28733E-03   0.66921E-01
     310   0.18750E+00   0.93750E+00   0.95126E-01   0.60582E-01
     311   0.25000E+00   0.93750E+00   0.16601E+00   0.79625E-01
     312   0.31250E+00   0.93750E+00   0.25151E+00   0.41400E-01
     313   0.37500E+00   0.93750E+00   0.31177E+00   0.77962E-01
     314   0.43750E+00   0.93750E+00   0.37800E+00   0.17223E-01
     315   0.50000E+00   0.93750E+00   0.41213E+00   0.76090E-01
     316   0.56250E+00   0.93750E+00   0.45577E+00  -0.12024E-01
     317   0.62500E+00   0.93750E+00   0.46159E+00   0.85754E-01
     318   0.68750E+00   0.93750E+00   0.48356E+00  -0.47135E-01
     319   0.75000E+00   0.93750E+00   0.46373E+00   0.11455E+00
     320   0.81250E+00   0.93750E+00   0.44853E+00  -0.11296E+00
     321   0.87500E+00   0.93750E+00   0.39623E+00   0.14187E+00
     322   0.93750E+00   0.93750E+00   0.11836E+00  -0.39796E+00
     323   0.10000E+01   0.93750E+00   0.00000E+00   0.00000E+00
     324   0.00000E+00   0.96875E+00   0.00000E+00   0.00000E+00
     325   0.62500E-01   0.96875E+00   0.12605E+00   0.67217E-01
     326   0.12500E+00   0.96875E+00   0.29251E+00   0.23682E-01
     327   0.18750E+00   0.96875E+00   0.36112E+00   0.18057E-01
     328   0.25000E+00   0.96875E+00   0.44538E+00   0.36167E-01
     329   0.31250E+00   0.96875E+00   0.50542E+00   0.72796E-02
     330   0.37500E+00   0.96875E+00   0.57053E+00   0.41648E-01
     331   0.43750E+00   0.96875E+00   0.61041E+00  -0.41373E-02
     332   0.50000E+00   0.96875E+00   0.65691E+00   0.48739E-01
     333   0.56250E+00   0.96875E+00   0.67081E+00  -0.18361E-01
     334   0.62500E+00   0.96875E+00   0.70142E+00   0.63030E-01
     335   0.68750E+00   0.96875E+00   0.68807E+00  -0.36457E-01
     336   0.75000E+00   0.96875E+00   0.70677E+00   0.87877E-01
     337   0.81250E+00   0.96875E+00   0.65146E+00  -0.67773E-01
     338   0.87500E+00   0.96875E+00   0.62593E+00   0.11082E+00
     339   0.93750E+00   0.96875E+00   0.38611E+00  -0.17180E+00
     340   0.10000E+01   0.96875E+00   0.00000E+00   0.00000E+00
     341   0.00000E+00   0.10000E+01   0.10000E+01   0.00000E+00
     342   0.62500E-01   0.10000E+01   0.10000E+01   0.00000E+00
     343   0.12500E+00   0.10000E+01   0.10000E+01   0.00000E+00
     344   0.18750E+00   0.10000E+01   0.10000E+01   0.00000E+00
     345   0.25000E+00   0.10000E+01   0.10000E+01   0.00000E+00
     346   0.31250E+00   0.10000E+01   0.10000E+01   0.00000E+00
     347   0.37500E+00   0.10000E+01   0.10000E+01   0.00000E+00
     348   0.43750E+00   0.10000E+01   0.10000E+01   0.00000E+00
     349   0.50000E+00   0.10000E+01   0.10000E+01   0.00000E+00
     350   0.56250E+00   0.10000E+01   0.10000E+01   0.00000E+00
     351   0.62500E+00   0.10000E+01   0.10000E+01   0.00000E+00
     352   0.68750E+00   0.10000E+01   0.10000E+01   0.00000E+00
     353   0.75000E+00   0.10000E+01   0.10000E+01   0.00000E+00
     354   0.81250E+00   0.10000E+01   0.10000E+01   0.00000E+00
     355   0.87500E+00   0.10000E+01   0.10000E+01   0.00000E+00
     356   0.93750E+00   0.10000E+01   0.10000E+01   0.00000E+00
     357   0.10000E+01   0.10000E+01   0.10000E+01   0.00000E+00