       1   0.00000E+00   0.00000E+00   0.00000E+00   0.00000E+00
       2   0.62500E-01   0.00000E+00   0.00000E+00   0.00000E+00
       3   0.12500E+00   0.00000E+00   0.00000E+00   0.00000E+00
       4   0.18750E+00   0.00000E+00   0.00000E+00   0.00000E+00
       5   0.25000E+00   0.00000E+00   0.00000E+00   0.00000E+00
       6   0.31250E+00   0.00000E+00   0.00000E+00   0.00000E+00
       7   0.37500E+00   0.00000E+00   0.00000E+00   0.00000E+00
       8   0.43750E+00   0.00000E+00   0.00000E+00   0.00000E+00
       9   0.50000E+00   0.00000E+00   0.00000E+00   0.00000E+00
      10   0.56250E+00   0.00000E+00   0.00000E+00   0.00000E+00
      11   0.62500E+00   0.00000E+00   0.00000E+00   0.00000E+00
      12   0.68750E+00   0.00000E+00   0.00000E+00   0.00000E+00
      13   0.75000E+00   0.00000E+00   0.00000E+00   0.00000E+00
      14   0.81250E+00   0.00000E+00   0.00000E+00   0.00000E+00
      15   0.87500E+00   0.00000E+00   0.00000E+00   0.00000E+00
      16   0.93750E+00   0.00000E+00   0.00000E+00   0.00000E+00
      17   0.10000E+01   0.00000E+00   0.00000E+00   0.00000E+00
      18   0.00000E+00   0.62500E-01   0.00000E+00   0.00000E+00
      19   0.62500E-01   0.62500E-01   0.98987E-03  -0.12595E-02
      20   0.12500E+00   0.62500E-01  -0.18876E-02   0.31066E-02
      21   0.18750E+00   0.62500E-01  -0.14380E-01   0.81804E-02
      22   0.25000E+00   0.62500E-01  -0.36288E-01   0.13415E-01
      23   0.31250E+00   0.62500E-01  -0.66750E-01   0.17764E-01
      24   0.37500E+00   0.62500E-01  -0.99343E-01   0.17221E-01
      25   0.43750E+00   0.62500E-01  -0.12507E+00   0.11088E-01
      26   0.50000E+00   0.62500E-01  -0.13534E+00  -0.30927E-03
      27   0.56250E+00   0.62500E-01  -0.12463E+00  -0.12186E-01
      28   0.62500E+00   0.62500E-01  -0.95166E-01  -0.21633E-01
      29   0.68750E+00   0.62500E-01  -0.55117E-01  -0.22025E-01
      30   0.75000E+00   0.62500E-01  -0.18128E-01  -0.15771E-01
      31   0.81250E+00   0.62500E-01   0.43882E-02  -0.58863E-02
      32   0.87500E+00   0.62500E-01   0.10878E-01   0.18383E-02
      33   0.93750E+00   0.62500E-01   0.52970E-02   0.53914E-02
      34   0.10000E+01   0.62500E-01   0.00000E+00   0.00000E+00
      35   0.00000E+00   0.12500E+00   0.00000E+00   0.00000E+00
      36   0.62500E-01   0.12500E+00  -0.52635E-02   0.29660E-02
      37   0.12500E+00   0.12500E+00  -0.22826E-01   0.18512E-01
      38   0.18750E+00   0.12500E+00  -0.55201E-01   0.36178E-01
      39   0.25000E+00   0.12500E+00  -0.10106E+00   0.52614E-01
      40   0.31250E+00   0.12500E+00  -0.15279E+00   0.60710E-01
      41   0.37500E+00   0.12500E+00  -0.19873E+00   0.54432E-01
      42   0.43750E+00   0.12500E+00  -0.22940E+00   0.32876E-01
      43   0.50000E+00   0.12500E+00  -0.24163E+00   0.94183E-03
      44   0.56250E+00   0.12500E+00  -0.23341E+00  -0.34090E-01
      45   0.62500E+00   0.12500E+00  -0.20302E+00  -0.63878E-01
      46   0.68750E+00   0.12500E+00  -0.15122E+00  -0.73930E-01
      47   0.75000E+00   0.12500E+00  -0.88728E-01  -0.62848E-01
      48   0.81250E+00   0.12500E+00  -0.36383E-01  -0.32560E-01
      49   0.87500E+00   0.12500E+00  -0.65890E-02  -0.50780E-02
      50   0.93750E+00   0.12500E+00   0.10828E-02   0.10501E-01
      51   0.10000E+01   0.12500E+00   0.00000E+00   0.00000E+00
      52   0.00000E+00   0.18750E+00   0.00000E+00   0.00000E+00
      53   0.62500E-01   0.18750E+00  -0.14068E-01   0.21693E-01
      54   0.12500E+00   0.18750E+00  -0.48754E-01   0.51803E-01
      55   0.18750E+00   0.18750E+00  -0.98934E-01   0.85629E-01
      56   0.25000E+00   0.18750E+00  -0.15861E+00   0.10966E+00
      57   0.31250E+00   0.18750E+00  -0.21533E+00   0.11327E+00
      58   0.37500E+00   0.18750E+00  -0.25990E+00   0.93247E-01
      59   0.43750E+00   0.18750E+00  -0.28897E+00   0.55852E-01
      60   0.50000E+00   0.18750E+00  -0.30367E+00   0.65035E-02
      61   0.56250E+00   0.18750E+00  -0.30512E+00  -0.46293E-01
      62   0.62500E+00   0.18750E+00  -0.29024E+00  -0.98477E-01
      63   0.68750E+00   0.18750E+00  -0.25043E+00  -0.13353E+00
      64   0.75000E+00   0.18750E+00  -0.18225E+00  -0.13886E+00
      65   0.81250E+00   0.18750E+00  -0.99570E-01  -0.93790E-01
      66   0.87500E+00   0.18750E+00  -0.34859E-01  -0.36081E-01
      67   0.93750E+00   0.18750E+00  -0.58581E-02   0.32699E-02
      68   0.10000E+01   0.18750E+00   0.00000E+00   0.00000E+00
      69   0.00000E+00   0.25000E+00   0.00000E+00   0.00000E+00
      70   0.62500E-01   0.25000E+00  -0.22336E-01   0.55024E-01
      71   0.12500E+00   0.25000E+00  -0.71374E-01   0.99498E-01
      72   0.18750E+00   0.25000E+00  -0.12966E+00   0.14573E+00
      73   0.25000E+00   0.25000E+00  -0.18877E+00   0.16846E+00
      74   0.31250E+00   0.25000E+00  -0.23435E+00   0.15896E+00
      75   0.37500E+00   0.25000E+00  -0.26308E+00   0.12275E+00
      76   0.43750E+00   0.25000E+00  -0.27662E+00   0.71998E-01
      77   0.50000E+00   0.25000E+00  -0.28262E+00   0.13642E-01
      78   0.56250E+00   0.25000E+00  -0.28837E+00  -0.46108E-01
      79   0.62500E+00   0.25000E+00  -0.29352E+00  -0.10993E+00
      80   0.68750E+00   0.25000E+00  -0.28980E+00  -0.17129E+00
      81   0.75000E+00   0.25000E+00  -0.25419E+00  -0.21292E+00
      82   0.81250E+00   0.25000E+00  -0.16993E+00  -0.18445E+00
      83   0.87500E+00   0.25000E+00  -0.72117E-01  -0.10123E+00
      84   0.93750E+00   0.25000E+00  -0.14608E-01  -0.19997E-01
      85   0.10000E+01   0.25000E+00   0.00000E+00   0.00000E+00
      86   0.00000E+00   0.31250E+00   0.00000E+00   0.00000E+00
      87   0.62500E-01   0.31250E+00  -0.25816E-01   0.98448E-01
      88   0.12500E+00   0.31250E+00  -0.77246E-01   0.15225E+00
      89   0.18750E+00   0.31250E+00  -0.13036E+00   0.20283E+00
      90   0.25000E+00   0.31250E+00  -0.17536E+00   0.21296E+00
      91   0.31250E+00   0.31250E+00  -0.20207E+00   0.18621E+00
      92   0.37500E+00   0.31250E+00  -0.21299E+00   0.13369E+00
      93   0.43750E+00   0.31250E+00  -0.21579E+00   0.76655E-01
      94   0.50000E+00   0.31250E+00  -0.21716E+00   0.16185E-01
      95   0.56250E+00   0.31250E+00  -0.21983E+00  -0.40875E-01
      96   0.62500E+00   0.31250E+00  -0.22612E+00  -0.10308E+00
      97   0.68750E+00   0.31250E+00  -0.23896E+00  -0.16963E+00
      98   0.75000E+00   0.31250E+00  -0.24578E+00  -0.24246E+00
      99   0.81250E+00   0.31250E+00  -0.20958E+00  -0.26922E+00
     100   0.87500E+00   0.31250E+00  -0.11825E+00  -0.20537E+00
     101   0.93750E+00   0.31250E+00  -0.30506E-01  -0.66501E-01
     102   0.10000E+01   0.31250E+00   0.00000E+00   0.00000E+00
     103   0.00000E+00   0.37500E+00   0.00000E+00   0.00000E+00
     104   0.62500E-01   0.37500E+00  -0.23577E-01   0.14220E+00
     105   0.12500E+00   0.37500E+00  -0.69039E-01   0.20019E+00
     106   0.18750E+00   0.37500E+00  -0.10932E+00   0.24732E+00
     107   0.25000E+00   0.37500E+00  -0.13837E+00   0.24059E+00
     108   0.31250E+00   0.37500E+00  -0.15039E+00   0.19768E+00
     109   0.37500E+00   0.37500E+00  -0.15321E+00   0.13541E+00
     110   0.43750E+00   0.37500E+00  -0.15391E+00   0.77385E-01
     111   0.50000E+00   0.37500E+00  -0.15586E+00   0.18318E-01
     112   0.56250E+00   0.37500E+00  -0.15820E+00  -0.37894E-01
     113   0.62500E+00   0.37500E+00  -0.16076E+00  -0.95820E-01
     114   0.68750E+00   0.37500E+00  -0.16782E+00  -0.15478E+00
     115   0.75000E+00   0.37500E+00  -0.18549E+00  -0.22907E+00
     116   0.81250E+00   0.37500E+00  -0.19629E+00  -0.31011E+00
     117   0.87500E+00   0.37500E+00  -0.14596E+00  -0.31417E+00
     118   0.93750E+00   0.37500E+00  -0.49195E-01  -0.13953E+00
     119   0.10000E+01   0.37500E+00   0.00000E+00   0.00000E+00
     120   0.00000E+00   0.43750E+00   0.00000E+00   0.00000E+00
     121   0.62500E-01   0.43750E+00  -0.15505E-01   0.17646E+00
     122   0.12500E+00   0.43750E+00  -0.45927E-01   0.23686E+00
     123   0.18750E+00   0.43750E+00  -0.71955E-01   0.27591E+00
     124   0.25000E+00   0.43750E+00  -0.87384E-01   0.25451E+00
     125   0.31250E+00   0.43750E+00  -0.93585E-01   0.20243E+00
     126   0.37500E+00   0.43750E+00  -0.96062E-01   0.13667E+00
     127   0.43750E+00   0.43750E+00  -0.99633E-01   0.80617E-01
     128   0.50000E+00   0.43750E+00  -0.10459E+00   0.22350E-01
     129   0.56250E+00   0.43750E+00  -0.11017E+00  -0.33660E-01
     130   0.62500E+00   0.43750E+00  -0.11528E+00  -0.92325E-01
     131   0.68750E+00   0.43750E+00  -0.11753E+00  -0.14868E+00
     132   0.75000E+00   0.43750E+00  -0.12451E+00  -0.20990E+00
     133   0.81250E+00   0.43750E+00  -0.14680E+00  -0.30435E+00
     134   0.87500E+00   0.43750E+00  -0.13914E+00  -0.38521E+00
     135   0.93750E+00   0.43750E+00  -0.57732E-01  -0.23021E+00
     136   0.10000E+01   0.43750E+00   0.00000E+00   0.00000E+00
     137   0.00000E+00   0.50000E+00   0.00000E+00   0.00000E+00
     138   0.62500E-01   0.50000E+00  -0.45112E-02   0.19478E+00
     139   0.12500E+00   0.50000E+00  -0.17761E-01   0.26038E+00
     140   0.18750E+00   0.50000E+00  -0.29259E-01   0.29033E+00
     141   0.25000E+00   0.50000E+00  -0.36307E-01   0.26207E+00
     142   0.31250E+00   0.50000E+00  -0.39638E-01   0.20503E+00
     143   0.37500E+00   0.50000E+00  -0.43178E-01   0.14097E+00
     144   0.43750E+00   0.50000E+00  -0.47066E-01   0.84671E-01
     145   0.50000E+00   0.50000E+00  -0.51751E-01   0.28952E-01
     146   0.56250E+00   0.50000E+00  -0.57500E-01  -0.28093E-01
     147   0.62500E+00   0.50000E+00  -0.63954E-01  -0.85785E-01
     148   0.68750E+00   0.50000E+00  -0.70085E-01  -0.14651E+00
     149   0.75000E+00   0.50000E+00  -0.73149E-01  -0.20136E+00
     150   0.81250E+00   0.50000E+00  -0.92473E-01  -0.27973E+00
     151   0.87500E+00   0.50000E+00  -0.10785E+00  -0.40969E+00
     152   0.93750E+00   0.50000E+00  -0.53424E-01  -0.31824E+00
     153   0.10000E+01   0.50000E+00   0.00000E+00   0.00000E+00
     154   0.00000E+00   0.56250E+00   0.00000E+00   0.00000E+00
     155   0.62500E-01   0.56250E+00   0.70046E-02   0.19384E+00
     156   0.12500E+00   0.56250E+00   0.13228E-01   0.26969E+00
     157   0.18750E+00   0.56250E+00   0.13727E-01   0.29338E+00
     158   0.25000E+00   0.56250E+00   0.15516E-01   0.26498E+00
     159   0.31250E+00   0.56250E+00   0.13899E-01   0.20783E+00
     160   0.37500E+00   0.56250E+00   0.11162E-01   0.14468E+00
     161   0.43750E+00   0.56250E+00   0.73354E-02   0.88947E-01
     162   0.50000E+00   0.56250E+00   0.28412E-02   0.34032E-01
     163   0.56250E+00   0.56250E+00  -0.35253E-02  -0.21159E-01
     164   0.62500E+00   0.56250E+00  -0.11721E-01  -0.78027E-01
     165   0.68750E+00   0.56250E+00  -0.22759E-01  -0.13785E+00
     166   0.75000E+00   0.56250E+00  -0.32551E-01  -0.19806E+00
     167   0.81250E+00   0.56250E+00  -0.46599E-01  -0.25643E+00
     168   0.87500E+00   0.56250E+00  -0.72072E-01  -0.39669E+00
     169   0.93750E+00   0.56250E+00  -0.42681E-01  -0.38886E+00
     170   0.10000E+01   0.56250E+00   0.00000E+00   0.00000E+00
     171   0.00000E+00   0.62500E+00   0.00000E+00   0.00000E+00
     172   0.62500E-01   0.62500E+00   0.16698E-01   0.17517E+00
     173   0.12500E+00   0.62500E+00   0.39270E-01   0.26438E+00
     174   0.18750E+00   0.62500E+00   0.53759E-01   0.28552E+00
     175   0.25000E+00   0.62500E+00   0.62456E-01   0.26352E+00
     176   0.31250E+00   0.62500E+00   0.66172E-01   0.20817E+00
     177   0.37500E+00   0.62500E+00   0.64681E-01   0.14902E+00
     178   0.43750E+00   0.62500E+00   0.62319E-01   0.91806E-01
     179   0.50000E+00   0.62500E+00   0.58844E-01   0.40055E-01
     180   0.56250E+00   0.62500E+00   0.52281E-01  -0.13912E-01
     181   0.62500E+00   0.62500E+00   0.43624E-01  -0.67938E-01
     182   0.68750E+00   0.62500E+00   0.29404E-01  -0.12373E+00
     183   0.75000E+00   0.62500E+00   0.13700E-01  -0.18789E+00
     184   0.81250E+00   0.62500E+00  -0.54214E-02  -0.23455E+00
     185   0.87500E+00   0.62500E+00  -0.38012E-01  -0.35940E+00
     186   0.93750E+00   0.62500E+00  -0.30648E-01  -0.43935E+00
     187   0.10000E+01   0.62500E+00   0.00000E+00   0.00000E+00
     188   0.00000E+00   0.68750E+00   0.00000E+00   0.00000E+00
     189   0.62500E-01   0.68750E+00   0.21486E-01   0.14304E+00
     190   0.12500E+00   0.68750E+00   0.59023E-01   0.24152E+00
     191   0.18750E+00   0.68750E+00   0.85781E-01   0.26789E+00
     192   0.25000E+00   0.68750E+00   0.10653E+00   0.25163E+00
     193   0.31250E+00   0.68750E+00   0.11786E+00   0.20510E+00
     194   0.37500E+00   0.68750E+00   0.12238E+00   0.14855E+00
     195   0.43750E+00   0.68750E+00   0.12236E+00   0.94846E-01
     196   0.50000E+00   0.68750E+00   0.11932E+00   0.43394E-01
     197   0.56250E+00   0.68750E+00   0.11295E+00  -0.48427E-02
     198   0.62500E+00   0.68750E+00   0.10089E+00  -0.56395E-01
     199   0.68750E+00   0.68750E+00   0.83926E-01  -0.10502E+00
     200   0.75000E+00   0.68750E+00   0.58454E-01  -0.16554E+00
     201   0.81250E+00   0.68750E+00   0.31312E-01  -0.20792E+00
     202   0.87500E+00   0.68750E+00  -0.11874E-01  -0.30707E+00
     203   0.93750E+00   0.68750E+00  -0.20946E-01  -0.47115E+00
     204   0.10000E+01   0.68750E+00   0.00000E+00   0.00000E+00
     205   0.00000E+00   0.75000E+00   0.00000E+00   0.00000E+00
     206   0.62500E-01   0.75000E+00   0.21145E-01   0.10572E+00
     207   0.12500E+00   0.75000E+00   0.62950E-01   0.20388E+00
     208   0.18750E+00   0.75000E+00   0.10605E+00   0.23688E+00
     209   0.25000E+00   0.75000E+00   0.13798E+00   0.23034E+00
     210   0.31250E+00   0.75000E+00   0.16370E+00   0.19109E+00
     211   0.37500E+00   0.75000E+00   0.17746E+00   0.14541E+00
     212   0.43750E+00   0.75000E+00   0.18415E+00   0.93162E-01
     213   0.50000E+00   0.75000E+00   0.18391E+00   0.49873E-01
     214   0.56250E+00   0.75000E+00   0.17784E+00   0.28706E-02
     215   0.62500E+00   0.75000E+00   0.16502E+00  -0.37058E-01
     216   0.68750E+00   0.75000E+00   0.14320E+00  -0.83372E-01
     217   0.75000E+00   0.75000E+00   0.11073E+00  -0.12624E+00
     218   0.81250E+00   0.75000E+00   0.70461E-01  -0.17360E+00
     219   0.87500E+00   0.75000E+00   0.14358E-01  -0.23543E+00
     220   0.93750E+00   0.75000E+00  -0.14120E-01  -0.48813E+00
     221   0.10000E+01   0.75000E+00   0.00000E+00   0.00000E+00
     222   0.00000E+00   0.78125E+00   0.00000E+00   0.00000E+00
     223   0.62500E-01   0.78125E+00   0.17496E-01   0.88278E-01
     224   0.12500E+00   0.78125E+00   0.60489E-01   0.17988E+00
     225   0.18750E+00   0.78125E+00   0.10666E+00   0.21668E+00
     226   0.25000E+00   0.78125E+00   0.14903E+00   0.21258E+00
     227   0.31250E+00   0.78125E+00   0.18104E+00   0.18001E+00
     228   0.37500E+00   0.78125E+00   0.20278E+00   0.13803E+00
     229   0.43750E+00   0.78125E+00   0.21454E+00   0.91110E-01
     230   0.50000E+00   0.78125E+00   0.21652E+00   0.50811E-01
     231   0.56250E+00   0.78125E+00   0.21226E+00   0.73790E-02
     232   0.62500E+00   0.78125E+00   0.19676E+00  -0.26635E-01
     233   0.68750E+00   0.78125E+00   0.17420E+00  -0.70323E-01
     234   0.75000E+00   0.78125E+00   0.13445E+00  -0.10101E+00
     235   0.81250E+00   0.78125E+00   0.90084E-01  -0.15233E+00
     236   0.87500E+00   0.78125E+00   0.25466E-01  -0.19132E+00
     237   0.93750E+00   0.78125E+00  -0.10786E-01  -0.49196E+00
     238   0.10000E+01   0.78125E+00   0.00000E+00   0.00000E+00
     239   0.00000E+00   0.81250E+00   0.00000E+00   0.00000E+00
     240   0.62500E-01   0.81250E+00   0.14628E-01   0.73369E-01
     241   0.12500E+00   0.81250E+00   0.48477E-01   0.15659E+00
     242   0.18750E+00   0.81250E+00   0.10559E+00   0.19086E+00
     243   0.25000E+00   0.81250E+00   0.15149E+00   0.19557E+00
     244   0.31250E+00   0.81250E+00   0.19611E+00   0.16182E+00
     245   0.37500E+00   0.81250E+00   0.22329E+00   0.13413E+00
     246   0.43750E+00   0.81250E+00   0.24226E+00   0.83091E-01
     247   0.50000E+00   0.81250E+00   0.24818E+00   0.58295E-01
     248   0.56250E+00   0.81250E+00   0.24440E+00   0.79486E-02
     249   0.62500E+00   0.81250E+00   0.23076E+00  -0.81086E-02
     250   0.68750E+00   0.81250E+00   0.20378E+00  -0.59232E-01
     251   0.75000E+00   0.81250E+00   0.16365E+00  -0.66440E-01
     252   0.81250E+00   0.81250E+00   0.11175E+00  -0.13145E+00
     253   0.87500E+00   0.81250E+00   0.45258E-01  -0.13849E+00
     254   0.93750E+00   0.81250E+00  -0.74049E-02  -0.49218E+00
     255   0.10000E+01   0.81250E+00   0.00000E+00   0.00000E+00
     256   0.00000E+00   0.84375E+00   0.00000E+00   0.00000E+00
     257   0.62500E-01   0.84375E+00   0.53061E-02   0.63244E-01
     258   0.12500E+00   0.84375E+00   0.35947E-01   0.13203E+00
     259   0.18750E+00   0.84375E+00   0.90990E-01   0.16232E+00
     260   0.25000E+00   0.84375E+00   0.15086E+00   0.17133E+00
     261   0.31250E+00   0.84375E+00   0.20077E+00   0.14074E+00
     262   0.37500E+00   0.84375E+00   0.23982E+00   0.12242E+00
     263   0.43750E+00   0.84375E+00   0.26453E+00   0.74537E-01
     264   0.50000E+00   0.84375E+00   0.27459E+00   0.59932E-01
     265   0.56250E+00   0.84375E+00   0.27548E+00   0.99672E-02
     266   0.62500E+00   0.84375E+00   0.25813E+00   0.83875E-02
     267   0.68750E+00   0.84375E+00   0.23520E+00  -0.46533E-01
     268   0.75000E+00   0.84375E+00   0.18719E+00  -0.28602E-01
     269   0.81250E+00   0.84375E+00   0.14058E+00  -0.11104E+00
     270   0.87500E+00   0.84375E+00   0.66175E-01  -0.76909E-01
     271   0.93750E+00   0.84375E+00  -0.13278E-03  -0.48753E+00
     272   0.10000E+01   0.84375E+00   0.00000E+00   0.00000E+00
     273   0.00000E+00   0.87500E+00   0.00000E+00   0.00000E+00
     274   0.62500E-01   0.87500E+00   0.27081E-02   0.58539E-01
     275   0.12500E+00   0.87500E+00   0.94127E-02   0.11508E+00
     276   0.18750E+00   0.87500E+00   0.81388E-01   0.12453E+00
     277   0.25000E+00   0.87500E+00   0.13984E+00   0.15585E+00
     278   0.31250E+00   0.87500E+00   0.20596E+00   0.10760E+00
     279   0.37500E+00   0.87500E+00   0.24854E+00   0.12254E+00
     280   0.43750E+00   0.87500E+00   0.28390E+00   0.54508E-01
     281   0.50000E+00   0.87500E+00   0.29692E+00   0.78037E-01
     282   0.56250E+00   0.87500E+00   0.30078E+00   0.13241E-02
     283   0.62500E+00   0.87500E+00   0.28776E+00   0.44865E-01
     284   0.68750E+00   0.87500E+00   0.26186E+00  -0.44417E-01
     285   0.75000E+00   0.87500E+00   0.22578E+00   0.27743E-01
     286   0.81250E+00   0.87500E+00   0.17519E+00  -0.10063E+00
     287   0.87500E+00   0.87500E+00   0.11416E+00   0.10932E-02
     288   0.93750E+00   0.87500E+00   0.10621E-01  -0.47406E+00
     289   0.10000E+01   0.87500E+00   0.00000E+00   0.00000E+00
     290   0.00000E+00   0.90625E+00   0.00000E+00   0.00000E+00
     291   0.62500E-01   0.90625E+00  -0.22691E-01   0.66914E-01
     292   0.12500E+00   0.90625E+00  -0.23484E-01   0.96173E-01
     293   0.18750E+00   0.90625E+00   0.48755E-01   0.80654E-01
     294   0.25000E+00   0.90625E+00   0.12354E+00   0.14061E+00
     295   0.31250E+00   0.90625E+00   0.19153E+00   0.67480E-01
     296   0.37500E+00   0.90625E+00   0.24934E+00   0.12160E+00
     297   0.43750E+00   0.90625E+00   0.28806E+00   0.30415E-01
     298   0.50000E+00   0.90625E+00   0.31075E+00   0.94307E-01
     299   0.56250E+00   0.90625E+00   0.32211E+00  -0.93790E-02
     300   0.62500E+00   0.90625E+00   0.31310E+00   0.79064E-01
     301   0.68750E+00   0.90625E+00   0.30528E+00  -0.46189E-01
     302   0.75000E+00   0.90625E+00   0.26857E+00   0.83456E-01
     303   0.81250E+00   0.90625E+00   0.24703E+00  -0.98679E-01
     304   0.87500E+00   0.90625E+00   0.17849E+00   0.93326E-01
     305   0.93750E+00   0.90625E+00   0.40237E-01  -0.44548E+00
     306   0.10000E+01   0.90625E+00   0.00000E+00   0.00000E+00
     307   0.00000E+00   0.93750E+00   0.00000E+00   0.00000E+00
     308   0.62500E-01   0.93750E+00   0.38078E-02   0.77105E-01
     309   0.12500E+00   0.93750E+00  -0.24051E-01   0.95102E-01
     310   0.18750E+00   0.93750E+00   0.53106E-01   0.25276E-01
     311   0.25000E+00   0.93750E+00   0.12695E+00   0.13810E+00
     312   0.31250E+00   0.93750E+00   0.20897E+00   0.15277E-01
     313   0.37500E+00   0.93750E+00   0.26349E+00   0.13537E+00
     314   0.43750E+00   0.93750E+00   0.32265E+00  -0.92590E-02
     315   0.50000E+00   0.93750E+00   0.34833E+00   0.13085E+00
     316   0.56250E+00   0.93750E+00   0.38157E+00  -0.40275E-01
     317   0.62500E+00   0.93750E+00   0.38258E+00   0.14120E+00
     318   0.68750E+00   0.93750E+00   0.39278E+00  -0.74612E-01
     319   0.75000E+00   0.93750E+00   0.37914E+00   0.17393E+00
     320   0.81250E+00   0.93750E+00   0.35765E+00  -0.12631E+00
     321   0.87500E+00   0.93750E+00   0.34624E+00   0.21007E+00
     322   0.93750E+00   0.93750E+00   0.10216E+00  -0.37951E+00
     323   0.10000E+01   0.93750E+00   0.00000E+00   0.00000E+00
     324   0.00000E+00   0.96875E+00   0.00000E+00   0.00000E+00
     325   0.62500E-01   0.96875E+00   0.64265E-01   0.38828E-01
     326   0.12500E+00   0.96875E+00   0.20777E+00   0.55468E-01
     327   0.18750E+00   0.96875E+00   0.25594E+00  -0.56837E-02
     328   0.25000E+00   0.96875E+00   0.33717E+00   0.77793E-01
     329   0.31250E+00   0.96875E+00   0.40134E+00  -0.11253E-01
     330   0.37500E+00   0.96875E+00   0.47033E+00   0.83302E-01
     331   0.43750E+00   0.96875E+00   0.51452E+00  -0.22485E-01
     332   0.50000E+00   0.96875E+00   0.56371E+00   0.89415E-01
     333   0.56250E+00   0.96875E+00   0.57926E+00  -0.37357E-01
     334   0.62500E+00   0.96875E+00   0.61062E+00   0.10265E+00
     335   0.68750E+00   0.96875E+00   0.59997E+00  -0.54496E-01
     336   0.75000E+00   0.96875E+00   0.61983E+00   0.12497E+00
     337   0.81250E+00   0.96875E+00   0.58134E+00  -0.78443E-01
     338   0.87500E+00   0.96875E+00   0.56743E+00   0.14052E+00
     339   0.93750E+00   0.96875E+00   0.38023E+00  -0.16617E+00
     340   0.10000E+01   0.96875E+00   0.00000E+00   0.00000E+00
     341   0.00000E+00   0.10000E+01   0.10000E+01   0.00000E+00
     342   0.62500E-01   0.10000E+01   0.10000E+01   0.00000E+00
     343   0.12500E+00   0.10000E+01   0.10000E+01   0.00000E+00
     344   0.18750E+00   0.10000E+01   0.10000E+01   0.00000E+00
     345   0.25000E+00   0.10000E+01   0.10000E+01   0.00000E+00
     346   0.31250E+00   0.10000E+01   0.10000E+01   0.00000E+00
     347   0.37500E+00   0.10000E+01   0.10000E+01   0.00000E+00
     348   0.43750E+00   0.10000E+01   0.10000E+01   0.00000E+00
     349   0.50000E+00   0.10000E+01   0.10000E+01   0.00000E+00
     350   0.56250E+00   0.10000E+01   0.10000E+01   0.00000E+00
     351   0.62500E+00   0.10000E+01   0.10000E+01   0.00000E+00
     352   0.68750E+00   0.10000E+01   0.10000E+01   0.00000E+00
     353   0.75000E+00   0.10000E+01   0.10000E+01   0.00000E+00
     354   0.81250E+00   0.10000E+01   0.10000E+01   0.00000E+00
     355   0.87500E+00   0.10000E+01   0.10000E+01   0.00000E+00
     356   0.93750E+00   0.10000E+01   0.10000E+01   0.00000E+00
     357   0.10000E+01   0.10000E+01   0.10000E+01   0.00000E+00
