       1   0.00000E+00   0.00000E+00   0.00000E+00   0.00000E+00
       2   0.62500E-01   0.00000E+00   0.00000E+00   0.00000E+00
       3   0.12500E+00   0.00000E+00   0.00000E+00   0.00000E+00
       4   0.18750E+00   0.00000E+00   0.00000E+00   0.00000E+00
       5   0.25000E+00   0.00000E+00   0.00000E+00   0.00000E+00
       6   0.31250E+00   0.00000E+00   0.00000E+00   0.00000E+00
       7   0.37500E+00   0.00000E+00   0.00000E+00   0.00000E+00
       8   0.43750E+00   0.00000E+00   0.00000E+00   0.00000E+00
       9   0.50000E+00   0.00000E+00   0.00000E+00   0.00000E+00
      10   0.56250E+00   0.00000E+00   0.00000E+00   0.00000E+00
      11   0.62500E+00   0.00000E+00   0.00000E+00   0.00000E+00
      12   0.68750E+00   0.00000E+00   0.00000E+00   0.00000E+00
      13   0.75000E+00   0.00000E+00   0.00000E+00   0.00000E+00
      14   0.81250E+00   0.00000E+00   0.00000E+00   0.00000E+00
      15   0.87500E+00   0.00000E+00   0.00000E+00   0.00000E+00
      16   0.93750E+00   0.00000E+00   0.00000E+00   0.00000E+00
      17   0.10000E+01   0.00000E+00   0.00000E+00   0.00000E+00
      18   0.00000E+00   0.62500E-01   0.00000E+00   0.00000E+00
      19   0.62500E-01   0.62500E-01  -0.91374E-03   0.91373E-03
      20   0.12500E+00   0.62500E-01  -0.52372E-02   0.34098E-02
      21   0.18750E+00   0.62500E-01  -0.14077E-01   0.54296E-02
      22   0.25000E+00   0.62500E-01  -0.26522E-01   0.70161E-02
      23   0.31250E+00   0.62500E-01  -0.41486E-01   0.79472E-02
      24   0.37500E+00   0.62500E-01  -0.56644E-01   0.72114E-02
      25   0.43750E+00   0.62500E-01  -0.68273E-01   0.44167E-02
      26   0.50000E+00   0.62500E-01  -0.72215E-01  -0.47454E-03
      27   0.56250E+00   0.62500E-01  -0.65838E-01  -0.59021E-02
      28   0.62500E+00   0.62500E-01  -0.49872E-01  -0.10064E-01
      29   0.68750E+00   0.62500E-01  -0.28882E-01  -0.10927E-01
      30   0.75000E+00   0.62500E-01  -0.95754E-02  -0.83799E-02
      31   0.81250E+00   0.62500E-01   0.25494E-02  -0.37448E-02
      32   0.87500E+00   0.62500E-01   0.57018E-02   0.59235E-03
      33   0.93750E+00   0.62500E-01   0.25547E-02   0.25547E-02
      34   0.10000E+01   0.62500E-01   0.00000E+00   0.00000E+00
      35   0.00000E+00   0.12500E+00   0.00000E+00   0.00000E+00
      36   0.62500E-01   0.12500E+00  -0.46084E-02   0.64358E-02
      37   0.12500E+00   0.12500E+00  -0.17336E-01   0.14939E-01
      38   0.18750E+00   0.12500E+00  -0.36517E-01   0.21921E-01
      39   0.25000E+00   0.12500E+00  -0.60947E-01   0.27400E-01
      40   0.31250E+00   0.12500E+00  -0.87925E-01   0.29504E-01
      41   0.37500E+00   0.12500E+00  -0.11307E+00   0.25956E-01
      42   0.43750E+00   0.12500E+00  -0.13111E+00   0.15340E-01
      43   0.50000E+00   0.12500E+00  -0.13768E+00  -0.88406E-03
      44   0.56250E+00   0.12500E+00  -0.13032E+00  -0.19227E-01
      45   0.62500E+00   0.12500E+00  -0.10923E+00  -0.33795E-01
      46   0.68750E+00   0.12500E+00  -0.78210E-01  -0.39206E-01
      47   0.75000E+00   0.12500E+00  -0.44783E-01  -0.32834E-01
      48   0.81250E+00   0.12500E+00  -0.17921E-01  -0.18278E-01
      49   0.87500E+00   0.12500E+00  -0.30401E-02  -0.29083E-02
      50   0.93750E+00   0.12500E+00   0.52647E-03   0.56359E-02
      51   0.10000E+01   0.12500E+00   0.00000E+00   0.00000E+00
      52   0.00000E+00   0.18750E+00   0.00000E+00   0.00000E+00
      53   0.62500E-01   0.18750E+00  -0.88803E-02   0.19924E-01
      54   0.12500E+00   0.18750E+00  -0.30745E-01   0.36042E-01
      55   0.18750E+00   0.18750E+00  -0.59959E-01   0.49213E-01
      56   0.25000E+00   0.18750E+00  -0.94236E-01   0.58816E-01
      57   0.31250E+00   0.18750E+00  -0.13029E+00   0.61123E-01
      58   0.37500E+00   0.18750E+00  -0.16324E+00   0.52426E-01
      59   0.43750E+00   0.18750E+00  -0.18852E+00   0.32194E-01
      60   0.50000E+00   0.18750E+00  -0.20218E+00   0.24856E-02
      61   0.56250E+00   0.18750E+00  -0.20083E+00  -0.31304E-01
      62   0.62500E+00   0.18750E+00  -0.18194E+00  -0.61689E-01
      63   0.68750E+00   0.18750E+00  -0.14564E+00  -0.78640E-01
      64   0.75000E+00   0.18750E+00  -0.98003E-01  -0.74462E-01
      65   0.81250E+00   0.18750E+00  -0.51478E-01  -0.50036E-01
      66   0.87500E+00   0.18750E+00  -0.18742E-01  -0.18767E-01
      67   0.93750E+00   0.18750E+00  -0.34881E-02   0.26742E-02
      68   0.10000E+01   0.18750E+00   0.00000E+00   0.00000E+00
      69   0.00000E+00   0.25000E+00   0.00000E+00   0.00000E+00
      70   0.62500E-01   0.25000E+00  -0.12408E-01   0.41212E-01
      71   0.12500E+00   0.25000E+00  -0.41636E-01   0.65847E-01
      72   0.18750E+00   0.25000E+00  -0.77925E-01   0.84911E-01
      73   0.25000E+00   0.25000E+00  -0.11861E+00   0.98078E-01
      74   0.31250E+00   0.25000E+00  -0.16000E+00   0.99305E-01
      75   0.37500E+00   0.25000E+00  -0.19793E+00   0.85127E-01
      76   0.43750E+00   0.25000E+00  -0.22843E+00   0.55272E-01
      77   0.50000E+00   0.25000E+00  -0.24842E+00   0.13054E-01
      78   0.56250E+00   0.25000E+00  -0.25509E+00  -0.36559E-01
      79   0.62500E+00   0.25000E+00  -0.24491E+00  -0.85488E-01
      80   0.68750E+00   0.25000E+00  -0.21367E+00  -0.12239E+00
      81   0.75000E+00   0.25000E+00  -0.16031E+00  -0.13172E+00
      82   0.81250E+00   0.25000E+00  -0.95240E-01  -0.10437E+00
      83   0.87500E+00   0.25000E+00  -0.39492E-01  -0.52916E-01
      84   0.93750E+00   0.25000E+00  -0.85545E-02  -0.93684E-02
      85   0.10000E+01   0.25000E+00   0.00000E+00   0.00000E+00
      86   0.00000E+00   0.31250E+00   0.00000E+00   0.00000E+00
      87   0.62500E-01   0.31250E+00  -0.14203E-01   0.67823E-01
      88   0.12500E+00   0.31250E+00  -0.46719E-01   0.10098E+00
      89   0.18750E+00   0.31250E+00  -0.85786E-01   0.12513E+00
      90   0.25000E+00   0.31250E+00  -0.12765E+00   0.14040E+00
      91   0.31250E+00   0.31250E+00  -0.16888E+00   0.13960E+00
      92   0.37500E+00   0.31250E+00  -0.20516E+00   0.11904E+00
      93   0.43750E+00   0.31250E+00  -0.23361E+00   0.80304E-01
      94   0.50000E+00   0.31250E+00  -0.25319E+00   0.27596E-01
      95   0.56250E+00   0.31250E+00  -0.26442E+00  -0.33209E-01
      96   0.62500E+00   0.31250E+00  -0.26618E+00  -0.97250E-01
      97   0.68750E+00   0.31250E+00  -0.25218E+00  -0.15586E+00
      98   0.75000E+00   0.31250E+00  -0.21223E+00  -0.19156E+00
      99   0.81250E+00   0.31250E+00  -0.14339E+00  -0.17844E+00
     100   0.87500E+00   0.31250E+00  -0.66812E-01  -0.11118E+00
     101   0.93750E+00   0.31250E+00  -0.15466E-01  -0.33388E-01
     102   0.10000E+01   0.31250E+00   0.00000E+00   0.00000E+00
     103   0.00000E+00   0.37500E+00   0.00000E+00   0.00000E+00
     104   0.62500E-01   0.37500E+00  -0.13358E-01   0.95384E-01
     105   0.12500E+00   0.37500E+00  -0.44411E-01   0.13699E+00
     106   0.18750E+00   0.37500E+00  -0.80821E-01   0.16460E+00
     107   0.25000E+00   0.37500E+00  -0.11836E+00   0.18034E+00
     108   0.31250E+00   0.37500E+00  -0.15292E+00   0.17546E+00
     109   0.37500E+00   0.37500E+00  -0.18104E+00   0.14759E+00
     110   0.43750E+00   0.37500E+00  -0.20087E+00   0.10005E+00
     111   0.50000E+00   0.37500E+00  -0.21402E+00   0.40586E-01
     112   0.56250E+00   0.37500E+00  -0.22392E+00  -0.25075E-01
     113   0.62500E+00   0.37500E+00  -0.23315E+00  -0.94390E-01
     114   0.68750E+00   0.37500E+00  -0.23881E+00  -0.16706E+00
     115   0.75000E+00   0.37500E+00  -0.22709E+00  -0.23202E+00
     116   0.81250E+00   0.37500E+00  -0.17909E+00  -0.25482E+00
     117   0.87500E+00   0.37500E+00  -0.97210E-01  -0.19326E+00
     118   0.93750E+00   0.37500E+00  -0.25506E-01  -0.74360E-01
     119   0.10000E+01   0.37500E+00   0.00000E+00   0.00000E+00
     120   0.00000E+00   0.43750E+00   0.00000E+00   0.00000E+00
     121   0.62500E-01   0.43750E+00  -0.10110E-01   0.11885E+00
     122   0.12500E+00   0.43750E+00  -0.34413E-01   0.16888E+00
     123   0.18750E+00   0.43750E+00  -0.63683E-01   0.19839E+00
     124   0.25000E+00   0.43750E+00  -0.91959E-01   0.21236E+00
     125   0.31250E+00   0.43750E+00  -0.11625E+00   0.20228E+00
     126   0.37500E+00   0.43750E+00  -0.13382E+00   0.16644E+00
     127   0.43750E+00   0.43750E+00  -0.14482E+00   0.11202E+00
     128   0.50000E+00   0.43750E+00  -0.15150E+00   0.48445E-01
     129   0.56250E+00   0.43750E+00  -0.15768E+00  -0.16852E-01
     130   0.62500E+00   0.43750E+00  -0.16729E+00  -0.83763E-01
     131   0.68750E+00   0.43750E+00  -0.18241E+00  -0.15693E+00
     132   0.75000E+00   0.43750E+00  -0.19608E+00  -0.24020E+00
     133   0.81250E+00   0.43750E+00  -0.18307E+00  -0.30766E+00
     134   0.87500E+00   0.43750E+00  -0.11996E+00  -0.28541E+00
     135   0.93750E+00   0.43750E+00  -0.37006E-01  -0.13687E+00
     136   0.10000E+01   0.43750E+00   0.00000E+00   0.00000E+00
     137   0.00000E+00   0.50000E+00   0.00000E+00   0.00000E+00
     138   0.62500E-01   0.50000E+00  -0.47621E-02   0.13372E+00
     139   0.12500E+00   0.50000E+00  -0.18896E-01   0.19245E+00
     140   0.18750E+00   0.50000E+00  -0.37262E-01   0.22246E+00
     141   0.25000E+00   0.50000E+00  -0.54377E-01   0.23368E+00
     142   0.31250E+00   0.50000E+00  -0.67409E-01   0.21829E+00
     143   0.37500E+00   0.50000E+00  -0.76299E-01   0.17689E+00
     144   0.43750E+00   0.50000E+00  -0.81729E-01   0.11801E+00
     145   0.50000E+00   0.50000E+00  -0.86023E-01   0.53434E-01
     146   0.56250E+00   0.50000E+00  -0.91049E-01  -0.10632E-01
     147   0.62500E+00   0.50000E+00  -0.98936E-01  -0.72481E-01
     148   0.68750E+00   0.50000E+00  -0.11377E+00  -0.13826E+00
     149   0.75000E+00   0.50000E+00  -0.13753E+00  -0.22143E+00
     150   0.81250E+00   0.50000E+00  -0.15424E+00  -0.32274E+00
     151   0.87500E+00   0.50000E+00  -0.12387E+00  -0.36380E+00
     152   0.93750E+00   0.50000E+00  -0.45711E-01  -0.21959E+00
     153   0.10000E+01   0.50000E+00   0.00000E+00   0.00000E+00
     154   0.00000E+00   0.56250E+00   0.00000E+00   0.00000E+00
     155   0.62500E-01   0.56250E+00   0.10275E-02   0.13746E+00
     156   0.12500E+00   0.56250E+00  -0.53848E-03   0.20441E+00
     157   0.18750E+00   0.56250E+00  -0.67097E-02   0.23503E+00
     158   0.25000E+00   0.56250E+00  -0.11574E-01   0.24309E+00
     159   0.31250E+00   0.56250E+00  -0.14487E-01   0.22483E+00
     160   0.37500E+00   0.56250E+00  -0.16198E-01   0.18095E+00
     161   0.43750E+00   0.56250E+00  -0.18797E-01   0.12197E+00
     162   0.50000E+00   0.56250E+00  -0.23093E-01   0.58059E-01
     163   0.56250E+00   0.56250E+00  -0.29593E-01  -0.37299E-02
     164   0.62500E+00   0.56250E+00  -0.38374E-01  -0.62714E-01
     165   0.68750E+00   0.56250E+00  -0.51371E-01  -0.12019E+00
     166   0.75000E+00   0.56250E+00  -0.75489E-01  -0.19162E+00
     167   0.81250E+00   0.56250E+00  -0.10744E+00  -0.30389E+00
     168   0.87500E+00   0.56250E+00  -0.10930E+00  -0.41116E+00
     169   0.93750E+00   0.56250E+00  -0.47195E-01  -0.31249E+00
     170   0.10000E+01   0.56250E+00   0.00000E+00   0.00000E+00
     171   0.00000E+00   0.62500E+00   0.00000E+00   0.00000E+00
     172   0.62500E-01   0.62500E+00   0.63733E-02   0.13006E+00
     173   0.12500E+00   0.62500E+00   0.16340E-01   0.20341E+00
     174   0.18750E+00   0.62500E+00   0.23284E-01   0.23526E+00
     175   0.25000E+00   0.62500E+00   0.29617E-01   0.24140E+00
     176   0.31250E+00   0.62500E+00   0.36922E-01   0.22213E+00
     177   0.37500E+00   0.62500E+00   0.42010E-01   0.18027E+00
     178   0.43750E+00   0.62500E+00   0.43296E-01   0.12396E+00
     179   0.50000E+00   0.62500E+00   0.39737E-01   0.63921E-01
     180   0.56250E+00   0.62500E+00   0.31855E-01   0.47895E-02
     181   0.62500E+00   0.62500E+00   0.20160E-01  -0.50757E-01
     182   0.68750E+00   0.62500E+00   0.46717E-02  -0.10366E+00
     183   0.75000E+00   0.62500E+00  -0.18826E-01  -0.16053E+00
     184   0.81250E+00   0.62500E+00  -0.57750E-01  -0.26410E+00
     185   0.87500E+00   0.62500E+00  -0.83736E-01  -0.42310E+00
     186   0.93750E+00   0.62500E+00  -0.43351E-01  -0.40304E+00
     187   0.10000E+01   0.62500E+00   0.00000E+00   0.00000E+00
     188   0.00000E+00   0.68750E+00   0.00000E+00   0.00000E+00
     189   0.62500E-01   0.68750E+00   0.91776E-02   0.11451E+00
     190   0.12500E+00   0.68750E+00   0.28505E-01   0.18967E+00
     191   0.18750E+00   0.68750E+00   0.47063E-01   0.22350E+00
     192   0.25000E+00   0.68750E+00   0.65531E-01   0.22836E+00
     193   0.31250E+00   0.68750E+00   0.82884E-01   0.21051E+00
     194   0.37500E+00   0.68750E+00   0.97001E-01   0.17268E+00
     195   0.43750E+00   0.68750E+00   0.10415E+00   0.12312E+00
     196   0.50000E+00   0.68750E+00   0.10383E+00   0.68649E-01
     197   0.56250E+00   0.68750E+00   0.96073E-01   0.15697E-01
     198   0.62500E+00   0.68750E+00   0.81322E-01  -0.35219E-01
     199   0.68750E+00   0.68750E+00   0.60623E-01  -0.83012E-01
     200   0.75000E+00   0.68750E+00   0.33167E-01  -0.13023E+00
     201   0.81250E+00   0.68750E+00  -0.95058E-02  -0.21281E+00
     202   0.87500E+00   0.68750E+00  -0.55122E-01  -0.40279E+00
     203   0.93750E+00   0.68750E+00  -0.36232E-01  -0.48262E+00
     204   0.10000E+01   0.68750E+00   0.00000E+00   0.00000E+00
     205   0.00000E+00   0.75000E+00   0.00000E+00   0.00000E+00
     206   0.62500E-01   0.75000E+00   0.94819E-02   0.95847E-01
     207   0.12500E+00   0.75000E+00   0.31915E-01   0.16657E+00
     208   0.18750E+00   0.75000E+00   0.60090E-01   0.19987E+00
     209   0.25000E+00   0.75000E+00   0.89224E-01   0.20438E+00
     210   0.31250E+00   0.75000E+00   0.11830E+00   0.18806E+00
     211   0.37500E+00   0.75000E+00   0.14222E+00   0.15710E+00
     212   0.43750E+00   0.75000E+00   0.15823E+00   0.11554E+00
     213   0.50000E+00   0.75000E+00   0.16374E+00   0.71033E-01
     214   0.56250E+00   0.75000E+00   0.15896E+00   0.25850E-01
     215   0.62500E+00   0.75000E+00   0.14407E+00  -0.15732E-01
     216   0.68750E+00   0.75000E+00   0.11863E+00  -0.56360E-01
     217   0.75000E+00   0.75000E+00   0.85625E-01  -0.96419E-01
     218   0.81250E+00   0.75000E+00   0.39029E-01  -0.15735E+00
     219   0.87500E+00   0.75000E+00  -0.22195E-01  -0.35141E+00
     220   0.93750E+00   0.75000E+00  -0.28117E-01  -0.54697E+00
     221   0.10000E+01   0.75000E+00   0.00000E+00   0.00000E+00
     222   0.00000E+00   0.78125E+00   0.00000E+00   0.00000E+00
     223   0.62500E-01   0.78125E+00   0.76854E-02   0.87263E-01
     224   0.12500E+00   0.78125E+00   0.29912E-01   0.15282E+00
     225   0.18750E+00   0.78125E+00   0.60521E-01   0.18422E+00
     226   0.25000E+00   0.78125E+00   0.96243E-01   0.18760E+00
     227   0.31250E+00   0.78125E+00   0.13075E+00   0.17305E+00
     228   0.37500E+00   0.78125E+00   0.16114E+00   0.14495E+00
     229   0.43750E+00   0.78125E+00   0.18164E+00   0.10944E+00
     230   0.50000E+00   0.78125E+00   0.19134E+00   0.69527E-01
     231   0.56250E+00   0.78125E+00   0.18891E+00   0.30963E-01
     232   0.62500E+00   0.78125E+00   0.17445E+00  -0.61708E-02
     233   0.68750E+00   0.78125E+00   0.14880E+00  -0.40375E-01
     234   0.75000E+00   0.78125E+00   0.11232E+00  -0.77660E-01
     235   0.81250E+00   0.78125E+00   0.66915E-01  -0.13011E+00
     236   0.87500E+00   0.78125E+00  -0.22802E-02  -0.31344E+00
     237   0.93750E+00   0.78125E+00  -0.22089E-01  -0.57208E+00
     238   0.10000E+01   0.78125E+00   0.00000E+00   0.00000E+00
     239   0.00000E+00   0.81250E+00   0.00000E+00   0.00000E+00
     240   0.62500E-01   0.81250E+00   0.52080E-02   0.80816E-01
     241   0.12500E+00   0.81250E+00   0.23404E-01   0.13906E+00
     242   0.18750E+00   0.81250E+00   0.57336E-01   0.16571E+00
     243   0.25000E+00   0.81250E+00   0.97878E-01   0.16797E+00
     244   0.31250E+00   0.81250E+00   0.14040E+00   0.15417E+00
     245   0.37500E+00   0.81250E+00   0.17546E+00   0.13110E+00
     246   0.43750E+00   0.81250E+00   0.20237E+00   0.99583E-01
     247   0.50000E+00   0.81250E+00   0.21546E+00   0.67993E-01
     248   0.56250E+00   0.81250E+00   0.21644E+00   0.33223E-01
     249   0.62500E+00   0.81250E+00   0.20409E+00   0.49726E-02
     250   0.68750E+00   0.81250E+00   0.17916E+00  -0.26229E-01
     251   0.75000E+00   0.81250E+00   0.14428E+00  -0.56129E-01
     252   0.81250E+00   0.81250E+00   0.98508E-01  -0.10605E+00
     253   0.87500E+00   0.81250E+00   0.24558E-01  -0.26593E+00
     254   0.93750E+00   0.81250E+00  -0.14285E-01  -0.59026E+00
     255   0.10000E+01   0.81250E+00   0.00000E+00   0.00000E+00
     256   0.00000E+00   0.84375E+00   0.00000E+00   0.00000E+00
     257   0.62500E-01   0.84375E+00  -0.13824E-03   0.78281E-01
     258   0.12500E+00   0.84375E+00   0.13002E-01   0.12592E+00
     259   0.18750E+00   0.84375E+00   0.47788E-01   0.14449E+00
     260   0.25000E+00   0.84375E+00   0.96483E-01   0.14458E+00
     261   0.31250E+00   0.84375E+00   0.14411E+00   0.13249E+00
     262   0.37500E+00   0.84375E+00   0.18731E+00   0.11365E+00
     263   0.43750E+00   0.84375E+00   0.21761E+00   0.88433E-01
     264   0.50000E+00   0.84375E+00   0.23697E+00   0.62915E-01
     265   0.56250E+00   0.84375E+00   0.24164E+00   0.35479E-01
     266   0.62500E+00   0.84375E+00   0.23311E+00   0.13152E-01
     267   0.68750E+00   0.84375E+00   0.21497E+00  -0.12874E-01
     268   0.75000E+00   0.84375E+00   0.18164E+00  -0.35377E-01
     269   0.81250E+00   0.84375E+00   0.14396E+00  -0.85079E-01
     270   0.87500E+00   0.84375E+00   0.60752E-01  -0.20832E+00
     271   0.93750E+00   0.84375E+00  -0.66697E-03  -0.59774E+00
     272   0.10000E+01   0.84375E+00   0.00000E+00   0.00000E+00
     273   0.00000E+00   0.87500E+00   0.00000E+00   0.00000E+00
     274   0.62500E-01   0.87500E+00  -0.84713E-02   0.82586E-01
     275   0.12500E+00   0.87500E+00  -0.46013E-02   0.11311E+00
     276   0.18750E+00   0.87500E+00   0.34570E-01   0.12032E+00
     277   0.25000E+00   0.87500E+00   0.88813E-01   0.11728E+00
     278   0.31250E+00   0.87500E+00   0.14721E+00   0.10678E+00
     279   0.37500E+00   0.87500E+00   0.19264E+00   0.95042E-01
     280   0.43750E+00   0.87500E+00   0.23377E+00   0.71326E-01
     281   0.50000E+00   0.87500E+00   0.25575E+00   0.59353E-01
     282   0.56250E+00   0.87500E+00   0.27139E+00   0.28888E-01
     283   0.62500E+00   0.87500E+00   0.26899E+00   0.25205E-01
     284   0.68750E+00   0.87500E+00   0.26073E+00  -0.11727E-01
     285   0.75000E+00   0.87500E+00   0.23887E+00  -0.89298E-02
     286   0.81250E+00   0.87500E+00   0.20583E+00  -0.76171E-01
     287   0.87500E+00   0.87500E+00   0.12196E+00  -0.13369E+00
     288   0.93750E+00   0.87500E+00   0.17391E-01  -0.58938E+00
     289   0.10000E+01   0.87500E+00   0.00000E+00   0.00000E+00
     290   0.00000E+00   0.90625E+00   0.00000E+00   0.00000E+00
     291   0.62500E-01   0.90625E+00  -0.18503E-01   0.96073E-01
     292   0.12500E+00   0.90625E+00  -0.25516E-01   0.10120E+00
     293   0.18750E+00   0.90625E+00   0.25205E-01   0.87290E-01
     294   0.25000E+00   0.90625E+00   0.94219E-01   0.88682E-01
     295   0.31250E+00   0.90625E+00   0.15456E+00   0.76009E-01
     296   0.37500E+00   0.90625E+00   0.21483E+00   0.72964E-01
     297   0.43750E+00   0.90625E+00   0.25967E+00   0.50420E-01
     298   0.50000E+00   0.90625E+00   0.29757E+00   0.50321E-01
     299   0.56250E+00   0.90625E+00   0.31996E+00   0.18902E-01
     300   0.62500E+00   0.90625E+00   0.33351E+00   0.29616E-01
     301   0.68750E+00   0.90625E+00   0.33719E+00  -0.13843E-01
     302   0.75000E+00   0.90625E+00   0.32226E+00   0.11576E-01
     303   0.81250E+00   0.90625E+00   0.31276E+00  -0.75409E-01
     304   0.87500E+00   0.90625E+00   0.21113E+00  -0.41699E-01
     305   0.93750E+00   0.90625E+00   0.57167E-01  -0.55210E+00
     306   0.10000E+01   0.90625E+00   0.00000E+00   0.00000E+00
     307   0.00000E+00   0.93750E+00   0.00000E+00   0.00000E+00
     308   0.62500E-01   0.93750E+00  -0.29505E-01   0.12008E+00
     309   0.12500E+00   0.93750E+00   0.34646E-02   0.64215E-01
     310   0.18750E+00   0.93750E+00   0.95700E-01   0.52794E-01
     311   0.25000E+00   0.93750E+00   0.16215E+00   0.55445E-01
     312   0.31250E+00   0.93750E+00   0.24007E+00   0.40113E-01
     313   0.37500E+00   0.93750E+00   0.30032E+00   0.48605E-01
     314   0.43750E+00   0.93750E+00   0.36153E+00   0.21755E-01
     315   0.50000E+00   0.93750E+00   0.40025E+00   0.40674E-01
     316   0.56250E+00   0.93750E+00   0.44172E+00  -0.33813E-02
     317   0.62500E+00   0.93750E+00   0.45373E+00   0.39117E-01
     318   0.68750E+00   0.93750E+00   0.47804E+00  -0.37337E-01
     319   0.75000E+00   0.93750E+00   0.46068E+00   0.51215E-01
     320   0.81250E+00   0.93750E+00   0.45726E+00  -0.10859E+00
     321   0.87500E+00   0.93750E+00   0.39149E+00   0.75185E-01
     322   0.93750E+00   0.93750E+00   0.12726E+00  -0.45989E+00
     323   0.10000E+01   0.93750E+00   0.00000E+00   0.00000E+00
     324   0.00000E+00   0.96875E+00   0.00000E+00   0.00000E+00
     325   0.62500E-01   0.96875E+00   0.13483E+00   0.67415E-01
     326   0.12500E+00   0.96875E+00   0.30264E+00   0.16489E-01
     327   0.18750E+00   0.96875E+00   0.37353E+00   0.18957E-01
     328   0.25000E+00   0.96875E+00   0.44854E+00   0.18550E-01
     329   0.31250E+00   0.96875E+00   0.50514E+00   0.97488E-02
     330   0.37500E+00   0.96875E+00   0.56374E+00   0.19550E-01
     331   0.43750E+00   0.96875E+00   0.60349E+00   0.32709E-03
     332   0.50000E+00   0.96875E+00   0.64656E+00   0.21207E-01
     333   0.56250E+00   0.96875E+00   0.66312E+00  -0.12928E-01
     334   0.62500E+00   0.96875E+00   0.69284E+00   0.27792E-01
     335   0.68750E+00   0.96875E+00   0.68247E+00  -0.32981E-01
     336   0.75000E+00   0.96875E+00   0.70503E+00   0.44260E-01
     337   0.81250E+00   0.96875E+00   0.64936E+00  -0.72093E-01
     338   0.87500E+00   0.96875E+00   0.64884E+00   0.71834E-01
     339   0.93750E+00   0.96875E+00   0.39626E+00  -0.19813E+00
     340   0.10000E+01   0.96875E+00   0.00000E+00   0.00000E+00
     341   0.00000E+00   0.10000E+01   0.10000E+01   0.00000E+00
     342   0.62500E-01   0.10000E+01   0.10000E+01   0.00000E+00
     343   0.12500E+00   0.10000E+01   0.10000E+01   0.00000E+00
     344   0.18750E+00   0.10000E+01   0.10000E+01   0.00000E+00
     345   0.25000E+00   0.10000E+01   0.10000E+01   0.00000E+00
     346   0.31250E+00   0.10000E+01   0.10000E+01   0.00000E+00
     347   0.37500E+00   0.10000E+01   0.10000E+01   0.00000E+00
     348   0.43750E+00   0.10000E+01   0.10000E+01   0.00000E+00
     349   0.50000E+00   0.10000E+01   0.10000E+01   0.00000E+00
     350   0.56250E+00   0.10000E+01   0.10000E+01   0.00000E+00
     351   0.62500E+00   0.10000E+01   0.10000E+01   0.00000E+00
     352   0.68750E+00   0.10000E+01   0.10000E+01   0.00000E+00
     353   0.75000E+00   0.10000E+01   0.10000E+01   0.00000E+00
     354   0.81250E+00   0.10000E+01   0.10000E+01   0.00000E+00
     355   0.87500E+00   0.10000E+01   0.10000E+01   0.00000E+00
     356   0.93750E+00   0.10000E+01   0.10000E+01   0.00000E+00
     357   0.10000E+01   0.10000E+01   0.10000E+01   0.00000E+00